1.488968970074627585e+00
4.343698566831531771e+00
7.075230368706933781e+00
9.683628972215183595e+00
1.216908329093442731e+01
1.453198802241695198e+01
1.677302421935071308e+01
1.889323005788311960e+01
2.089405578883501846e+01
2.277739942742616108e+01
2.454562194162403088e+01
2.620154249847974626e+01
2.774841569787685103e+01
2.918989366394090013e+01
3.052997640191314588e+01
3.177295401153008214e+01
3.292334424223914624e+01
3.398582855452928442e+01
3.496518938910167407e+01
3.586625080900246587e+01
3.669382412573725816e+01
3.745265959213615758e+01
3.814740477215527648e+01
3.878256979830057816e+01
3.936249940800264824e+01
3.989135141020842923e+01
4.037308106638030836e+01
4.081143076642061374e+01
4.120992432868664679e+01
4.157186524296996311e+01
4.190033819554754047e+01
4.219821325689389369e+01
4.246815216759978995e+01
4.271261622025269844e+01
4.293387529973487204e+01
4.313401770811439917e+01
4.331496046065982597e+01
4.347845979499204816e+01
4.362612168517289035e+01
4.375941219630016832e+01
4.387966755297587440e+01
4.398810382712562017e+01
4.408582617750957411e+01
4.417383759539970356e+01
4.425304712885443337e+01
4.432427757234949439e+01
4.438827261974289229e+01
4.444570348714372443e+01
4.449717501865171698e+01
4.454323129251829982e+01
4.458436074838352425e+01
4.462100085814959272e+01
4.465354236400220600e+01
4.468233310728667362e+01
4.470768147155297356e+01
4.472985946223920450e+01
4.474910544427645931e+01
4.476562655745819086e+01
4.477960082779370055e+01
4.479117899131198755e+01
4.480048604494114528e+01
4.480762253718970101e+01
4.481266560942286503e+01
4.481566979657392835e+01
4.481666759416838630e+01
4.481566979657392835e+01
4.481266560942286503e+01
4.480762253718970101e+01
4.480048604494114528e+01
4.479117899131198755e+01
4.477960082779370055e+01
4.476562655745819086e+01
4.474910544427645931e+01
4.472985946223920450e+01
4.470768147155297356e+01
4.468233310728667362e+01
4.465354236400220600e+01
4.462100085814959272e+01
4.458436074838352425e+01
4.454323129251829982e+01
4.449717501865171698e+01
4.444570348714372443e+01
4.438827261974289229e+01
4.432427757234949439e+01
4.425304712885443337e+01
4.417383759539970356e+01
4.408582617750957411e+01
4.398810382712562017e+01
4.387966755297587440e+01
4.375941219630016832e+01
4.362612168517289035e+01
4.347845979499204816e+01
4.331496046065982597e+01
4.313401770811439917e+01
4.293387529973487204e+01
4.271261622025269844e+01
4.246815216759978995e+01
4.219821325689389369e+01
4.190033819554754047e+01
4.157186524296995600e+01
4.120992432868663968e+01
4.081143076642061374e+01
4.037308106638030836e+01
3.989135141020842923e+01
3.936249940800264824e+01
3.878256979830057816e+01
3.814740477215527648e+01
3.745265959213615758e+01
3.669382412573725816e+01
3.586625080900246587e+01
3.496518938910167407e+01
3.398582855452928442e+01
3.292334424223913913e+01
3.177295401153007859e+01
3.052997640191314233e+01
2.918989366394089657e+01
2.774841569787684037e+01
2.620154249847976047e+01
2.454562194162403799e+01
2.277739942742616819e+01
2.089405578883502201e+01
1.889323005788312315e+01
1.677302421935070598e+01
1.453198802241697507e+01
1.216908329093444685e+01
9.683628972215199582e+00
7.075230368706945328e+00
4.343698566831539765e+00
1.488968970074630027e+00
