3.232273546394214825e-01
9.579452395361726103e-01
1.580926325024780921e+00
2.192170773491595615e+00
2.791679091134344315e+00
3.379452409023716353e+00
3.955492821208989263e+00
4.519803763858803336e+00
5.072390420971777836e+00
5.613260143672182956e+00
6.142422871525835326e+00
6.659891545672086188e+00
7.165682504870357405e+00
7.659815856803455780e+00
8.142315818164801655e+00
8.613211018180672696e+00
9.072534761280456550e+00
9.520325245625290478e+00
9.956625735136615418e+00
1.038148468352890497e+01
1.079495580964364976e+01
1.119709812410322236e+01
1.158797590795255239e+01
1.196765864453362482e+01
1.233622090634276880e+01
1.269374219905480494e+01
1.304030676526278398e+01
1.337600335077973490e+01
1.370092493658246013e+01
1.401516843965028869e+01
1.431883438606782200e+01
1.461202655982428489e+01
1.489485163075780960e+01
1.516741876506575792e+01
1.542983922173645617e+01
1.568222593815935006e+01
1.592469310804357896e+01
1.615735575462494111e+01
1.638032930197242010e+01
1.659372914702235846e+01
1.679767023477553067e+01
1.699226663889290379e+01
1.717763114972434479e+01
1.735387487160299003e+01
1.752110683104013944e+01
1.767943359726329788e+01
1.782895891635557817e+01
1.796978336007990151e+01
1.810200399030738438e+01
1.822571403981762117e+01
1.834100261009906419e+01
1.844795438665209986e+01
1.854664937218470300e+01
1.863716263799175010e+01
1.871956409372335628e+01
1.879391827567492257e+01
1.886028415367138678e+01
1.891871495656977586e+01
1.896925801636666620e+01
1.901195463087031712e+01
1.904683994487917431e+01
1.907394284979916321e+01
1.909328590162994743e+01
1.910488525725447317e+01
1.910875062897529730e+01
1.910488525725447317e+01
1.909328590162994743e+01
1.907394284979916321e+01
1.904683994487917786e+01
1.901195463087032067e+01
1.896925801636666975e+01
1.891871495656977586e+01
1.886028415367139033e+01
1.879391827567492257e+01
1.871956409372335983e+01
1.863716263799175366e+01
1.854664937218470300e+01
1.844795438665209986e+01
1.834100261009906063e+01
1.822571403981761762e+01
1.810200399030738438e+01
1.796978336007990151e+01
1.782895891635557817e+01
1.767943359726329788e+01
1.752110683104013589e+01
1.735387487160299003e+01
1.717763114972434124e+01
1.699226663889289668e+01
1.679767023477552712e+01
1.659372914702235491e+01
1.638032930197241299e+01
1.615735575462494111e+01
1.592469310804357185e+01
1.568222593815934474e+01
1.542983922173644729e+01
1.516741876506574904e+01
1.489485163075780250e+01
1.461202655982427601e+01
1.431883438606781489e+01
1.401516843965027981e+01
1.370092493658244948e+01
1.337600335077973135e+01
1.304030676526278043e+01
1.269374219905479606e+01
1.233622090634275992e+01
1.196765864453361772e+01
1.158797590795254528e+01
1.119709812410321703e+01
1.079495580964364443e+01
1.038148468352890141e+01
9.956625735136611866e+00
9.520325245625283372e+00
9.072534761280449445e+00
8.613211018180665590e+00
8.142315818164794550e+00
7.659815856803448675e+00
7.165682504870348524e+00
6.659891545672085300e+00
6.142422871525832662e+00
5.613260143672181179e+00
5.072390420971773395e+00
4.519803763858800671e+00
3.955492821208985266e+00
3.379452409023720350e+00
2.791679091134347424e+00
2.192170773491598279e+00
1.580926325024782475e+00
9.579452395361736095e-01
3.232273546394218711e-01
