4.901593899352370276e-02
1.455267244983216302e-01
2.405164175341726329e-01
3.339850181881477420e-01
4.259325267335509757e-01
5.163589437854344544e-01
6.052642704908761662e-01
6.926485087463611912e-01
7.785116614352196596e-01
8.628537326786557271e-01
9.456747280944649559e-01
1.026974655058069175e+00
1.106753522961023917e+00
1.185011343462627487e+00
1.261748130730752537e+00
1.336963901668445809e+00
1.410658676123291100e+00
1.482832477076917677e+00
1.553485330812436116e+00
1.622617267057941293e+00
1.690228319104566612e+00
1.756318523897911321e+00
1.820887922101957379e+00
1.883936558134891026e+00
1.945464480176508193e+00
2.005471740147143134e+00
2.063958393658297474e+00
2.120924499935350482e+00
2.176370121712956962e+00
2.230295325103913928e+00
2.282700179442443300e+00
2.333584757103010165e+00
2.382949133295920507e+00
2.430793385841076848e+00
2.477117594921392829e+00
2.521921842817444137e+00
2.565206213625040643e+00
2.606970792957463701e+00
2.647215667634188474e+00
2.685940925357940490e+00
2.723146654381989773e+00
2.758832943169607699e+00
2.792999880047619232e+00
2.825647552856003664e+00
2.856776048595476514e+00
2.886385453074983953e+00
2.914475850561014436e+00
2.941047323430591831e+00
2.966099951829793469e+00
2.989633813339569457e+00
3.011648982650596107e+00
3.032145531248830128e+00
3.051123527113368539e+00
3.068583034428131739e+00
3.084524113308819260e+00
3.098946819546494424e+00
3.111851204369072477e+00
3.123237314221877003e+00
3.133105190568342469e+00
3.141454869711836295e+00
3.148286382639462921e+00
3.153599754888601669e+00
3.157395006436829021e+00
3.159672151615747993e+00
3.160431199049142048e+00
3.159672151615747993e+00
3.157395006436829021e+00
3.153599754888601669e+00
3.148286382639462921e+00
3.141454869711836295e+00
3.133105190568342469e+00
3.123237314221877003e+00
3.111851204369072477e+00
3.098946819546494424e+00
3.084524113308819260e+00
3.068583034428132184e+00
3.051123527113368983e+00
3.032145531248830572e+00
3.011648982650596551e+00
2.989633813339569901e+00
2.966099951829793913e+00
2.941047323430592275e+00
2.914475850561014436e+00
2.886385453074984397e+00
2.856776048595476514e+00
2.825647552856004108e+00
2.792999880047619232e+00
2.758832943169607255e+00
2.723146654381989773e+00
2.685940925357940046e+00
2.647215667634188474e+00
2.606970792957464145e+00
2.565206213625040643e+00
2.521921842817444137e+00
2.477117594921391941e+00
2.430793385841075960e+00
2.382949133295919175e+00
2.333584757103009277e+00
2.282700179442441968e+00
2.230295325103912596e+00
2.176370121712955630e+00
2.120924499935350038e+00
2.063958393658297030e+00
2.005471740147142246e+00
1.945464480176507305e+00
1.883936558134890138e+00
1.820887922101956491e+00
1.756318523897910877e+00
1.690228319104566390e+00
1.622617267057941071e+00
1.553485330812435672e+00
1.482832477076916788e+00
1.410658676123290434e+00
1.336963901668445143e+00
1.261748130730751871e+00
1.185011343462626821e+00
1.106753522961022806e+00
1.026974655058069175e+00
9.456747280944646228e-01
8.628537326786553940e-01
7.785116614352191045e-01
6.926485087463606360e-01
6.052642704908755000e-01
5.163589437854350095e-01
4.259325267335514198e-01
3.339850181881481861e-01
2.405164175341728827e-01
1.455267244983217967e-01
4.901593899352375827e-02
