9.689862385144755105e-03
2.876912444285716422e-02
4.754792378801278585e-02
6.602626042074460910e-02
8.420413434147008824e-02
1.020815455511287217e-01
1.196584940514726914e-01
1.369349798453990685e-01
1.539110029373125799e-01
1.705865633335091336e-01
1.869616610425714476e-01
2.030362960757677304e-01
2.188104684474472816e-01
2.342841781754245734e-01
2.494574252813482607e-01
2.643302097910472104e-01
2.789025317348511335e-01
2.931743911478804643e-01
3.071457880703025722e-01
3.208167225475519468e-01
3.341871946305107199e-01
3.472572043756491644e-01
3.600267518451237825e-01
3.724958371068332053e-01
3.846644602344290731e-01
3.965326213072854489e-01
4.081003204104231563e-01
4.193675576343928180e-01
4.303343330751149831e-01
4.410006468336805097e-01
4.513664990161111445e-01
4.614318897330833558e-01
4.711968190996158601e-01
4.806612872347242327e-01
4.898252942610439864e-01
4.986888403044250628e-01
5.072519254935003996e-01
5.155145499592300729e-01
5.234767138344259552e-01
5.311384172532572778e-01
5.384996603507417046e-01
5.455604432622244149e-01
5.523207661228480836e-01
5.587806290670158660e-01
5.649400322278531617e-01
5.707989757366666028e-01
5.763574597224079277e-01
5.816154843111422945e-01
5.865730496255251447e-01
5.912301557842909450e-01
5.955868029017540310e-01
5.996429910873277702e-01
6.033987204450612651e-01
6.068539910731972631e-01
6.100088030637541570e-01
6.128631565021328553e-01
6.154170514667507419e-01
6.176704880287061661e-01
6.196234662514719105e-01
6.212759861906228531e-01
6.226280478935960483e-01
6.236796513994861124e-01
6.244307967388768033e-01
6.248814839337084592e-01
6.250317129971831864e-01
6.248814839337083482e-01
6.244307967388768033e-01
6.236796513994860014e-01
6.226280478935960483e-01
6.212759861906228531e-01
6.196234662514720215e-01
6.176704880287062771e-01
6.154170514667509639e-01
6.128631565021330774e-01
6.100088030637543790e-01
6.068539910731973741e-01
6.033987204450613762e-01
5.996429910873278812e-01
5.955868029017541421e-01
5.912301557842910560e-01
5.865730496255252557e-01
5.816154843111422945e-01
5.763574597224079277e-01
5.707989757366666028e-01
5.649400322278532727e-01
5.587806290670160880e-01
5.523207661228481946e-01
5.455604432622246369e-01
5.384996603507418156e-01
5.311384172532573889e-01
5.234767138344260662e-01
5.155145499592301839e-01
5.072519254935003996e-01
4.986888403044251739e-01
4.898252942610440419e-01
4.806612872347242882e-01
4.711968190996159156e-01
4.614318897330834113e-01
4.513664990161112001e-01
4.410006468336805097e-01
4.303343330751149831e-01
4.193675576343929290e-01
4.081003204104232673e-01
3.965326213072854489e-01
3.846644602344291286e-01
3.724958371068332053e-01
3.600267518451237825e-01
3.472572043756492199e-01
3.341871946305108310e-01
3.208167225475520579e-01
3.071457880703026833e-01
2.931743911478805198e-01
2.789025317348511890e-01
2.643302097910472104e-01
2.494574252813482607e-01
2.342841781754245456e-01
2.188104684474471706e-01
2.030362960757678970e-01
1.869616610425715586e-01
1.705865633335092169e-01
1.539110029373126076e-01
1.369349798453990685e-01
1.196584940514726775e-01
1.020815455511289160e-01
8.420413434147024090e-02
6.602626042074473400e-02
4.754792378801287606e-02
2.876912444285721973e-02
9.689862385144774187e-03
