1.515798022934603251e-01
4.499320034950050062e-01
7.434768025266520475e-01
1.032214207337433187e+00
1.316144242856049251e+00
1.595266965131483028e+00
1.869582478597271002e+00
2.139090955748902179e+00
2.403792658581775044e+00
2.663687961192800824e+00
2.918777373002168218e+00
3.169061562102983398e+00
3.414541378295575580e+00
3.655217875410151418e+00
3.891092332566365553e+00
4.122166274061092928e+00
4.348441487616479861e+00
4.569920040759014590e+00
4.786604295137118825e+00
4.998496918619520279e+00
5.205600895049403931e+00
5.407919531560284376e+00
5.605456463388406974e+00
5.798215656143602459e+00
5.986201405525649832e+00
6.169418334496604039e+00
6.347871387941031784e+00
6.521565824865892758e+00
6.690507208209797163e+00
6.854701392347703148e+00
7.014154508391788667e+00
7.168872947402277873e+00
7.318863341633498720e+00
7.464132543950471543e+00
7.604687605559865560e+00
7.740535752206323394e+00
7.871684358991039687e+00
7.998140923974020211e+00
8.119913040724899389e+00
8.237008369989409218e+00
8.349434610639873355e+00
8.457199470078265335e+00
8.560310634259701956e+00
8.658775737502665493e+00
8.752602332249930228e+00
8.841797858941033539e+00
8.926369616153436937e+00
9.006324731165129549e+00
9.081670131086564624e+00
9.152412514704357349e+00
9.218558325173384915e+00
9.280113723687643201e+00
9.337084564253679275e+00
9.389476369683428914e+00
9.437294308916246877e+00
9.480543175772353948e+00
9.519227369232510227e+00
9.553350875330751890e+00
9.582917250739287240e+00
9.607929608116464237e+00
9.628390603280653437e+00
9.644302424264640905e+00
9.655666782296833617e+00
9.662484904747202563e+00
9.664757530067550562e+00
9.662484904747202563e+00
9.655666782296833617e+00
9.644302424264640905e+00
9.628390603280653437e+00
9.607929608116462461e+00
9.582917250739285464e+00
9.553350875330750114e+00
9.519227369232508451e+00
9.480543175772352171e+00
9.437294308916245100e+00
9.389476369683428914e+00
9.337084564253677499e+00
9.280113723687641425e+00
9.218558325173383139e+00
9.152412514704355573e+00
9.081670131086562847e+00
9.006324731165129549e+00
8.926369616153435160e+00
8.841797858941033539e+00
8.752602332249928452e+00
8.658775737502663716e+00
8.560310634259700180e+00
8.457199470078263559e+00
8.349434610639871579e+00
8.237008369989407441e+00
8.119913040724897613e+00
7.998140923974021987e+00
7.871684358991038799e+00
7.740535752206323394e+00
7.604687605559864672e+00
7.464132543950470655e+00
7.318863341633497832e+00
7.168872947402276097e+00
7.014154508391787779e+00
6.854701392347701372e+00
6.690507208209795387e+00
6.521565824865892758e+00
6.347871387941030896e+00
6.169418334496602263e+00
5.986201405525648056e+00
5.798215656143600683e+00
5.605456463388405197e+00
5.407919531560285265e+00
5.205600895049404819e+00
4.998496918619521168e+00
4.786604295137119713e+00
4.569920040759014590e+00
4.348441487616478973e+00
4.122166274061091151e+00
3.891092332566363332e+00
3.655217875410149642e+00
3.414541378295573359e+00
3.169061562102984286e+00
2.918777373002168218e+00
2.663687961192800824e+00
2.403792658581774599e+00
2.139090955748901735e+00
1.869582478597269892e+00
1.595266965131485470e+00
1.316144242856051250e+00
1.032214207337434742e+00
7.434768025266532687e-01
4.499320034950057279e-01
1.515798022934605749e-01
