1.109051935064634398e+00
3.250237396230819087e+00
5.314507756111242820e+00
7.301883630177203877e+00
9.212426464050006203e+00
1.104626725818491906e+01
1.280363695338838248e+01
1.448489565969640580e+01
1.609055858330574296e+01
1.762131712484496404e+01
1.907805418232695871e+01
2.046185318701713740e+01
2.177400082366862932e+01
2.301598373324616631e+01
2.418947976425866031e+01
2.529634452932329580e+01
2.633859414110974839e+01
2.731838505380676096e+01
2.823799193237594807e+01
2.909978442310388047e+01
2.990620361677049388e+01
3.065973889118876983e+01
3.136290570299873792e+01
3.201822477802815570e+01
3.262820303218034468e+01
3.319531644584266417e+01
3.372199501772382035e+01
3.421060984084009249e+01
3.466346227485488640e+01
3.508277513493952426e+01
3.547068577686582103e+01
3.582924092979632746e+01
3.616039311057616601e+01
3.646599844452283889e+01
3.674781571604960106e+01
3.700750647634818336e+01
3.724663604336162592e+01
3.746667524015392559e+01
3.766900273048621983e+01
3.785490782408930954e+01
3.802559363810982518e+01
3.818218051499336951e+01
3.832570961028193324e+01
3.845714657618908916e+01
3.857738527821436492e+01
3.868725149238043315e+01
3.878750653989458641e+01
3.887885082416073601e+01
3.896192724214495939e+01
3.903732444818744796e+01
3.910557995353418903e+01
3.916718304921368343e+01
3.922257754349276837e+01
3.927216430809289704e+01
3.931630362971426251e+01
3.935531736527349267e+01
3.938949090068026493e+01
3.941907491402074015e+01
3.944428694473749175e+01
3.946531277084624634e+01
3.948230759645360877e+01
3.949539705187578420e+01
3.950467800854060840e+01
3.951021921061457931e+01
3.951206172495952273e+01
3.951021921061457931e+01
3.950467800854060840e+01
3.949539705187578420e+01
3.948230759645361587e+01
3.946531277084625344e+01
3.944428694473749886e+01
3.941907491402074726e+01
3.938949090068027203e+01
3.935531736527349977e+01
3.931630362971426962e+01
3.927216430809289704e+01
3.922257754349276127e+01
3.916718304921367633e+01
3.910557995353418193e+01
3.903732444818744085e+01
3.896192724214495229e+01
3.887885082416072891e+01
3.878750653989458641e+01
3.868725149238042604e+01
3.857738527821435781e+01
3.845714657618908916e+01
3.832570961028194034e+01
3.818218051499336951e+01
3.802559363810982518e+01
3.785490782408930954e+01
3.766900273048621983e+01
3.746667524015392559e+01
3.724663604336161882e+01
3.700750647634817625e+01
3.674781571604959396e+01
3.646599844452283179e+01
3.616039311057615180e+01
3.582924092979631325e+01
3.547068577686581392e+01
3.508277513493951716e+01
3.466346227485487930e+01
3.421060984084009249e+01
3.372199501772382746e+01
3.319531644584267127e+01
3.262820303218034468e+01
3.201822477802815570e+01
3.136290570299874148e+01
3.065973889118878049e+01
2.990620361677050099e+01
2.909978442310388758e+01
2.823799193237595873e+01
2.731838505380676452e+01
2.633859414110975194e+01
2.529634452932329580e+01
2.418947976425865676e+01
2.301598373324616276e+01
2.177400082366862222e+01
2.046185318701715161e+01
1.907805418232696937e+01
1.762131712484497470e+01
1.609055858330574651e+01
1.448489565969640580e+01
1.280363695338838070e+01
1.104626725818493860e+01
9.212426464050022190e+00
7.301883630177217199e+00
5.314507756111252590e+00
3.250237396230825304e+00
1.109051935064636396e+00
