6.056201601145642585e-04
1.798081560807607152e-03
2.971764041964562904e-03
4.126667603585418287e-03
5.262792245670138390e-03
6.380137968218646885e-03
7.478704771230791984e-03
8.558492654706328223e-03
9.619501618644875698e-03
1.066173166304589665e-02
1.168518278790866768e-02
1.268985499323222431e-02
1.367574827901535568e-02
1.464286264525654566e-02
1.559119809195396063e-02
1.652075461910539750e-02
1.743153222670827326e-02
1.832353091475961288e-02
1.919675068325599199e-02
2.005119153219356992e-02
2.088685346156804803e-02
2.170373647137460726e-02
2.250184056160799140e-02
2.328116573226247238e-02
2.404171198333179826e-02
2.478347931480924873e-02
2.550646772668763509e-02
2.621067721895929681e-02
2.689610779161612925e-02
2.756275944464958022e-02
2.821063217805069856e-02
2.883972599181014104e-02
2.945004088591817587e-02
3.004157686036477287e-02
3.061433391513955493e-02
3.116831205023191942e-02
3.170351126563100697e-02
3.221993156132578473e-02
3.271757293730503946e-02
3.319643539355747464e-02
3.365651893007166884e-02
3.409782354683625616e-02
3.452034924383983600e-02
3.492409602107108407e-02
3.530906387851878714e-02
3.567525281617189847e-02
3.602266283401953095e-02
3.635129393205108195e-02
3.666114611025624026e-02
3.695221936862498613e-02
3.722451370714770225e-02
3.747802912581520152e-02
3.771276562461875481e-02
3.792872320355006321e-02
3.812590186260139680e-02
3.830430160176559462e-02
3.846392242103603698e-02
3.860476432040675643e-02
3.872682729987241002e-02
3.883011135942830011e-02
3.891461649907046461e-02
3.898034271879559365e-02
3.902729001860112679e-02
3.905545839848519052e-02
3.906484785844667462e-02
3.905545839848524603e-02
3.902729001860126556e-02
3.898034271879584345e-02
3.891461649907083931e-02
3.883011135942880665e-02
3.872682729987306227e-02
3.860476432040756134e-02
3.846392242103698067e-02
3.830430160176667709e-02
3.812590186260261804e-02
3.792872320355140242e-02
3.771276562462021892e-02
3.747802912581679052e-02
3.722451370714940921e-02
3.695221936862680412e-02
3.666114611025817621e-02
3.635129393205315668e-02
3.602266283402170977e-02
3.567525281617420219e-02
3.530906387852122269e-02
3.492409602107364452e-02
3.452034924384253523e-02
3.409782354683908723e-02
3.365651893007462481e-02
3.319643539356052775e-02
3.271757293730821053e-02
3.221993156132907377e-02
3.170351126563440702e-02
3.116831205023543050e-02
3.061433391514317703e-02
3.004157686036850253e-02
2.945004088592200961e-02
2.883972599181406846e-02
2.821063217805471271e-02
2.756275944465367764e-02
2.689610779162028564e-02
2.621067721896351219e-02
2.550646772669188864e-02
2.478347931481353350e-02
2.404171198333609344e-02
2.328116573226675715e-02
2.250184056161225188e-02
2.170373647137883305e-02
2.088685346157222178e-02
2.005119153219769509e-02
1.919675068326004430e-02
1.832353091476358192e-02
1.743153222671215558e-02
1.652075461910916532e-02
1.559119809195761396e-02
1.464286264526005847e-02
1.367574827901869329e-02
1.268985499323538498e-02
1.168518278791161498e-02
1.066173166304861496e-02
9.619501618647344210e-03
8.558492654708536526e-03
7.478704771232727068e-03
6.380137968220317424e-03
5.262792245671520097e-03
4.126667603586500754e-03
2.971764041965339193e-03
1.798081560808074660e-03
6.056201601147199499e-04
