1.937601380879025115e+00
5.625015370771256684e+00
9.124670245829436865e+00
1.243674421115183293e+01
1.556174779654586793e+01
1.850072426029914041e+01
2.125543155172369225e+01
2.382848261003672974e+01
2.622343117932359036e+01
2.844479906685190329e+01
3.049804765507066051e+01
3.238950138454209338e+01
3.412623389613721514e+01
3.571592875335982598e+01
3.716672647966973386e+01
3.848706842816155671e+01
3.968554614688186888e+01
4.077076276675516198e+01
4.175121080319343747e+01
4.263516882547035181e+01
4.343061782689185435e+01
4.414517687200942930e+01
4.478605670158137286e+01
4.536002940519156823e+01
4.587341197096085921e+01
4.633206143129338273e+01
4.674137938501549883e+01
4.710632383861282335e+01
4.743142653086628968e+01
4.772081415400950277e+01
4.797823213745768811e+01
4.820706990164514849e+01
4.841038671004588423e+01
4.859093744209643972e+01
4.875119777680802002e+01
4.889338841685568582e+01
4.901949809773827837e+01
4.913130521883086743e+01
4.923039800573346270e+01
4.931819316920682184e+01
4.939595306797240681e+01
4.946480141327104718e+01
4.952573757454825909e+01
4.957964955987172573e+01
4.962732575329034290e+01
4.966946549563910196e+01
4.970668859635735259e+01
4.973954386258439797e+01
4.976851672881004873e+01
4.979403606622329903e+01
4.981648024603173042e+01
4.983618252572841811e+01
4.985343582179464761e+01
4.986849692681354185e+01
4.988159022355053906e+01
4.989291094331071719e+01
4.990262801086119993e+01
4.991088651343487470e+01
4.991780982682066536e+01
4.992350142729202389e+01
4.992804641411697730e+01
4.993151276361116686e+01
4.993395233211573014e+01
4.993540162187711218e+01
4.993588232054719356e+01
4.993540162187711218e+01
4.993395233211573014e+01
4.993151276361116686e+01
4.992804641411697730e+01
4.992350142729202389e+01
4.991780982682065826e+01
4.991088651343486760e+01
4.990262801086119282e+01
4.989291094331071008e+01
4.988159022355053906e+01
4.986849692681354185e+01
4.985343582179464050e+01
4.983618252572841101e+01
4.981648024603173042e+01
4.979403606622329903e+01
4.976851672881004873e+01
4.973954386258439797e+01
4.970668859635735259e+01
4.966946549563910196e+01
4.962732575329035001e+01
4.957964955987173283e+01
4.952573757454826620e+01
4.946480141327105429e+01
4.939595306797241392e+01
4.931819316920682894e+01
4.923039800573346980e+01
4.913130521883088164e+01
4.901949809773827837e+01
4.889338841685569292e+01
4.875119777680801292e+01
4.859093744209643972e+01
4.841038671004588423e+01
4.820706990164514849e+01
4.797823213745768811e+01
4.772081415400950277e+01
4.743142653086628968e+01
4.710632383861283046e+01
4.674137938501550593e+01
4.633206143129338273e+01
4.587341197096085921e+01
4.536002940519156823e+01
4.478605670158137286e+01
4.414517687200942930e+01
4.343061782689185435e+01
4.263516882547035181e+01
4.175121080319343747e+01
4.077076276675516198e+01
3.968554614688187598e+01
3.848706842816155671e+01
3.716672647966972676e+01
3.571592875335982598e+01
3.412623389613720803e+01
3.238950138454210759e+01
3.049804765507066762e+01
2.844479906685190684e+01
2.622343117932358680e+01
2.382848261003672619e+01
2.125543155172368159e+01
1.850072426029916528e+01
1.556174779654589102e+01
1.243674421115185247e+01
9.124670245829451076e+00
5.625015370771265566e+00
1.937601380879028445e+00
