7.933091271234927744e-01
2.334839207464704636e+00
3.831281994931994728e+00
5.282643070509117855e+00
6.688939359191635070e+00
8.050207609850241752e+00
9.366513862949508606e+00
1.063796319129877865e+01
1.186470912449742521e+01
1.304696228578539774e+01
1.418499788040943521e+01
1.527916177682252297e+01
1.632987501530155328e+01
1.733763666208437826e+01
1.830302500015470102e+01
1.922669710978878754e+01
2.010938694264056537e+01
2.095190203251490502e+01
2.175511901442835594e+01
2.251997814175653545e+01
2.324747700015999641e+01
2.393866361771296880e+01
2.459462916451487402e+01
2.521650042338896824e+01
2.580543219740860295e+01
2.636259980121910118e+01
2.688919176261284960e+01
2.738640283959679422e+01
2.785542743713136105e+01
2.829745348751635703e+01
2.871365683958191894e+01
2.910519618478490145e+01
2.947320853324481860e+01
2.981880523979043218e+01
3.014306856923818501e+01
3.044704878132010251e+01
3.073176170879463953e+01
3.099818679714246272e+01
3.124726557067900501e+01
3.147990048770371274e+01
3.169695414624810326e+01
3.189924880188366529e+01
3.208756615972151849e+01
3.226264740401006748e+01
3.242519343046463831e+01
3.257586524851304688e+01
3.271528452290250044e+01
3.284403422649196358e+01
3.296265937847520888e+01
3.307166784468134324e+01
3.317153117893647618e+01
3.326268548670576308e+01
3.334553229434638411e+01
3.342043940927194967e+01
3.348774175814920540e+01
3.354774219191504159e+01
3.360071224791815325e+01
3.364689286085884845e+01
3.368649501543242764e+01
3.371970033468384287e+01
3.374666159906757912e+01
3.376750319208787943e+01
3.378232146918474399e+01
3.379118504724320360e+01
3.379413501275284659e+01
3.379118504724320360e+01
3.378232146918474399e+01
3.376750319208787943e+01
3.374666159906757201e+01
3.371970033468384287e+01
3.368649501543242053e+01
3.364689286085884845e+01
3.360071224791814615e+01
3.354774219191504159e+01
3.348774175814919829e+01
3.342043940927194967e+01
3.334553229434639121e+01
3.326268548670577019e+01
3.317153117893647618e+01
3.307166784468135035e+01
3.296265937847521599e+01
3.284403422649197068e+01
3.271528452290250755e+01
3.257586524851306109e+01
3.242519343046463831e+01
3.226264740401006748e+01
3.208756615972151138e+01
3.189924880188365464e+01
3.169695414624809260e+01
3.147990048770370208e+01
3.124726557067899435e+01
3.099818679714245917e+01
3.073176170879463598e+01
3.044704878132009895e+01
3.014306856923817790e+01
2.981880523979042508e+01
2.947320853324481149e+01
2.910519618478489434e+01
2.871365683958191539e+01
2.829745348751634637e+01
2.785542743713135394e+01
2.738640283959679422e+01
2.688919176261284960e+01
2.636259980121910118e+01
2.580543219740860295e+01
2.521650042338896824e+01
2.459462916451487402e+01
2.393866361771297591e+01
2.324747700016000351e+01
2.251997814175654611e+01
2.175511901442836304e+01
2.095190203251490502e+01
2.010938694264056181e+01
1.922669710978878399e+01
1.830302500015469747e+01
1.733763666208437471e+01
1.632987501530154262e+01
1.527916177682252830e+01
1.418499788040943876e+01
1.304696228578539952e+01
1.186470912449742343e+01
1.063796319129877688e+01
9.366513862949505054e+00
8.050207609850254187e+00
6.688939359191645728e+00
5.282643070509126737e+00
3.831281994932000945e+00
2.334839207464708633e+00
7.933091271234939956e-01
