5.351132610954576485e-01
1.581002306031224380e+00
2.602554058972569084e+00
3.599769710640712272e+00
4.572652927918692711e+00
5.521211801489998017e+00
6.445461116165451365e+00
7.345424808022572805e+00
8.221138489985069242e+00
9.072651944152635650e+00
9.900031495073962517e+00
1.070336219323220206e+01
1.148274975225193906e+01
1.223832219669034949e+01
1.297023118968340860e+01
1.367865302111503922e+01
1.436378924730266426e+01
1.502586698239359819e+01
1.566513884970576598e+01
1.628188260810352261e+01
1.687640047417540146e+01
1.744901816549813844e+01
1.800008369367224503e+01
1.852996593816206783e+01
1.903905303334537535e+01
1.952775060166743160e+01
1.999647986550391465e+01
2.044567566937501724e+01
2.087578444263042954e+01
2.128726213075295348e+01
2.168057212111271426e+01
2.205618318644626541e+01
2.241456746662615629e+01
2.275619850651061071e+01
2.308154936489043862e+01
2.339109080684329101e+01
2.368528958921314498e+01
2.396460684649470707e+01
2.422949658214821156e+01
2.448040426831916960e+01
2.471776555510289342e+01
2.494200508887963608e+01
2.515353543785217738e+01
2.535275612173826332e+01
2.554005274159531425e+01
2.571579620497263363e+01
2.588034204098200775e+01
2.603402979943572149e+01
2.617718252790560030e+01
2.631010632039069819e+01
2.643308993122990458e+01
2.654640444794234355e+01
2.665030301681003166e+01
2.674502061521966567e+01
2.683077386504191963e+01
2.690776088163690716e+01
2.697616115342335164e+01
2.703613544732900920e+01
2.708782573584367626e+01
2.713135514181801256e+01
2.716682789758656469e+01
2.719432931543817134e+01
2.721392576690809051e+01
2.722566466882176783e+01
2.722957447447833346e+01
2.722566466882176783e+01
2.721392576690809051e+01
2.719432931543817134e+01
2.716682789758656114e+01
2.713135514181800900e+01
2.708782573584367270e+01
2.703613544732900564e+01
2.697616115342334808e+01
2.690776088163690360e+01
2.683077386504191963e+01
2.674502061521966567e+01
2.665030301681003522e+01
2.654640444794234355e+01
2.643308993122990813e+01
2.631010632039069819e+01
2.617718252790560030e+01
2.603402979943572149e+01
2.588034204098200775e+01
2.571579620497263363e+01
2.554005274159531425e+01
2.535275612173826687e+01
2.515353543785218093e+01
2.494200508887963608e+01
2.471776555510289697e+01
2.448040426831917316e+01
2.422949658214821156e+01
2.396460684649471062e+01
2.368528958921314143e+01
2.339109080684329101e+01
2.308154936489043507e+01
2.275619850651061071e+01
2.241456746662615274e+01
2.205618318644626186e+01
2.168057212111271426e+01
2.128726213075294282e+01
2.087578444263041888e+01
2.044567566937501724e+01
1.999647986550391465e+01
1.952775060166742804e+01
1.903905303334537180e+01
1.852996593816206428e+01
1.800008369367224148e+01
1.744901816549813844e+01
1.687640047417540146e+01
1.628188260810352261e+01
1.566513884970576598e+01
1.502586698239359286e+01
1.436378924730266071e+01
1.367865302111503389e+01
1.297023118968340327e+01
1.223832219669034238e+01
1.148274975225193018e+01
1.070336219323220561e+01
9.900031495073962517e+00
9.072651944152637427e+00
8.221138489985067466e+00
7.345424808022570140e+00
6.445461116165447812e+00
5.521211801490006010e+00
4.572652927918699817e+00
3.599769710640718046e+00
2.602554058972573081e+00
1.581002306031226601e+00
5.351132610954584257e-01
