8.663509497468262557e-03
2.571306510775251547e-02
4.248557376578546152e-02
5.898144513476124423e-02
7.520108211888790195e-02
9.114488087345269662e-02
1.068132308147295012e-01
1.222065146297255933e-01
1.373251082857658012e-01
1.521693810399115943e-01
1.667396954482138205e-01
1.810364073747965374e-01
1.950598660007716589e-01
2.088104138329816006e-01
2.222883867125701740e-01
2.354941138233797582e-01
2.484279177001744443e-01
2.610901142366880423e-01
2.734810126934968388e-01
2.856009157057164960e-01
2.974501192905225633e-01
3.090289128544948527e-01
3.203375792007849276e-01
3.313763945361085650e-01
3.421456284775599710e-01
3.526455440592520252e-01
3.628763977387794992e-01
3.728384394035084148e-01
3.825319123766892648e-01
3.919570534233969838e-01
4.011140927562975023e-01
4.100032540412415494e-01
4.186247544026853173e-01
4.269788044289414830e-01
4.350656081772585893e-01
4.428853631787315615e-01
4.504382604430433035e-01
4.577244844630383724e-01
4.647442132191300090e-01
4.714976181835416891e-01
4.779848643243831963e-01
4.842061101095632702e-01
4.901615075105391073e-01
4.958512020059040459e-01
5.012753325848142705e-01
5.064340317502556976e-01
5.113274255221508247e-01
5.159556334403089251e-01
5.203187685672183704e-01
5.244169374906818559e-01
5.282502403262971935e-01
5.318187707197828962e-01
5.351226158491495521e-01
5.381618564267192095e-01
5.409365667009905509e-01
5.434468144583534110e-01
5.456926610246524145e-01
5.476741612665984027e-01
5.493913635930317563e-01
5.508443099560341727e-01
5.520330358518930058e-01
5.529575703219153926e-01
5.536179359530943866e-01
5.540141488786264334e-01
5.541462187782819626e-01
5.540141488786264334e-01
5.536179359530942756e-01
5.529575703219155036e-01
5.520330358518931169e-01
5.508443099560341727e-01
5.493913635930316453e-01
5.476741612665982917e-01
5.456926610246523035e-01
5.434468144583533000e-01
5.409365667009903289e-01
5.381618564267190985e-01
5.351226158491494411e-01
5.318187707197826741e-01
5.282502403262970825e-01
5.244169374906816339e-01
5.203187685672182594e-01
5.159556334403088140e-01
5.113274255221506026e-01
5.064340317502554756e-01
5.012753325848141595e-01
4.958512020059039349e-01
4.901615075105389407e-01
4.842061101095631037e-01
4.779848643243830297e-01
4.714976181835415225e-01
4.647442132191298425e-01
4.577244844630382614e-01
4.504382604430432480e-01
4.428853631787313949e-01
4.350656081772583672e-01
4.269788044289412055e-01
4.186247544026850398e-01
4.100032540412413273e-01
4.011140927562973357e-01
3.919570534233966508e-01
3.825319123766889318e-01
3.728384394035083593e-01
3.628763977387793882e-01
3.526455440592517476e-01
3.421456284775597489e-01
3.313763945361083429e-01
3.203375792007847611e-01
3.090289128544947417e-01
2.974501192905225078e-01
2.856009157057164405e-01
2.734810126934967278e-01
2.610901142366879313e-01
2.484279177001743888e-01
2.354941138233796749e-01
2.222883867125700630e-01
2.088104138329814619e-01
1.950598660007714924e-01
1.810364073747965652e-01
1.667396954482137927e-01
1.521693810399115665e-01
1.373251082857657179e-01
1.222065146297255239e-01
1.068132308147294041e-01
9.114488087345280765e-02
7.520108211888799910e-02
5.898144513476132750e-02
4.248557376578551703e-02
2.571306510775255016e-02
8.663509497468274700e-03
