2.583544393632864963e-02
7.672539261963699786e-02
1.268334603817572459e-01
1.761587197887938827e-01
2.247002577456471417e-01
2.724571755368268011e-01
3.194285888670443940e-01
3.656136279014082779e-01
4.110114373050557934e-01
4.556211762820612243e-01
4.994420186134738704e-01
5.424731526943417093e-01
5.847137815695960805e-01
6.261631229686719369e-01
6.668204093387607445e-01
7.066848878765901176e-01
7.457558205586503064e-01
7.840324841697837721e-01
8.215141703300750109e-01
8.582001855199864471e-01
8.940898511036905472e-01
9.291825033505705100e-01
9.634774934548597791e-01
9.969741875534128273e-01
1.029671966741595668e+00
1.061570227087310192e+00
1.092668379643161991e+00
1.122965850456798087e+00
1.152462080579444548e+00
1.181156526072688839e+00
1.209048658013552435e+00
1.236137962497910303e+00
1.262423940642317000e+00
1.287906108584314868e+00
1.312583997481290066e+00
1.336457153507963236e+00
1.359525137852596322e+00
1.381787526712002112e+00
1.403243911285455559e+00
1.423893897767593897e+00
1.443737107340409498e+00
1.462773176164436251e+00
1.481001755369222961e+00
1.498422511043208782e+00
1.515035124223093721e+00
1.530839290882808568e+00
1.545834721922194399e+00
1.560021143155482903e+00
1.573398295299682781e+00
1.585965933962969476e+00
1.597723829633172610e+00
1.608671767666453478e+00
1.618809548276262555e+00
1.628136986522659369e+00
1.636653912302080460e+00
1.644360170337627158e+00
1.651255620169947980e+00
1.657340136148780285e+00
1.662613607425215134e+00
1.667075937944736186e+00
1.670727046441086161e+00
1.673566866431002831e+00
1.675595346209860059e+00
1.676812448848246317e+00
1.677218152189504208e+00
1.676812448848246317e+00
1.675595346209860059e+00
1.673566866431003053e+00
1.670727046441086161e+00
1.667075937944736186e+00
1.662613607425215134e+00
1.657340136148780285e+00
1.651255620169947980e+00
1.644360170337627158e+00
1.636653912302080460e+00
1.628136986522659369e+00
1.618809548276262333e+00
1.608671767666453478e+00
1.597723829633172388e+00
1.585965933962969032e+00
1.573398295299682559e+00
1.560021143155482681e+00
1.545834721922194177e+00
1.530839290882808346e+00
1.515035124223093277e+00
1.498422511043209004e+00
1.481001755369222961e+00
1.462773176164436029e+00
1.443737107340409498e+00
1.423893897767593675e+00
1.403243911285455559e+00
1.381787526712002556e+00
1.359525137852596766e+00
1.336457153507963680e+00
1.312583997481290288e+00
1.287906108584315090e+00
1.262423940642317222e+00
1.236137962497910303e+00
1.209048658013552657e+00
1.181156526072688617e+00
1.152462080579444548e+00
1.122965850456798753e+00
1.092668379643162657e+00
1.061570227087310414e+00
1.029671966741595890e+00
9.969741875534130493e-01
9.634774934548601122e-01
9.291825033505710651e-01
8.940898511036912133e-01
8.582001855199870022e-01
8.215141703300755660e-01
7.840324841697839942e-01
7.457558205586505284e-01
7.066848878765902287e-01
6.668204093387607445e-01
6.261631229686719369e-01
5.847137815695959695e-01
5.424731526943421533e-01
4.994420186134742590e-01
4.556211762820616129e-01
4.110114373050559600e-01
3.656136279014084445e-01
3.194285888670443940e-01
2.724571755368274117e-01
2.247002577456476136e-01
1.761587197887942435e-01
1.268334603817575235e-01
7.672539261963716439e-02
2.583544393632870861e-02
