1.418638241007217846e-02
4.211181793344363766e-02
6.959027411835724819e-02
9.662209530211039732e-02
1.232076202072882737e-01
1.493471819480386154e-01
1.750411080362970773e-01
2.002897203879457910e-01
2.250933353288875893e-01
2.494522636010219341e-01
2.733668103681076156e-01
2.968372752215000521e-01
3.198639521857509771e-01
3.424471297240601619e-01
3.645870907435712072e-01
3.862841126005004400e-01
4.075384671050950036e-01
4.283504205264109799e-01
4.487202335969094347e-01
4.686481615168643367e-01
4.881344539585789066e-01
5.071793550704103426e-01
5.257831034805995341e-01
5.439459323009063763e-01
5.616680691300495187e-01
5.789497360569535456e-01
5.957911496638040871e-01
6.121925210289134167e-01
6.281540557293989746e-01
6.436759538436798156e-01
6.587584099537937554e-01
6.734016131475406564e-01
6.876057470204566258e-01
7.013709896776240127e-01
7.146975137353241969e-01
7.275854863225396096e-01
7.400350690823084276e-01
7.520464181729434872e-01
7.636196842691174158e-01
7.747550125628257511e-01
7.854525427642308211e-01
7.957124091023971557e-01
8.055347403259242034e-01
8.149196597034837897e-01
8.238672850242704238e-01
8.323777285983705587e-01
8.404510972570596872e-01
8.480874923530326015e-01
8.552870097605762556e-01
8.620497398756880036e-01
8.683757676161512062e-01
8.742651724215699804e-01
8.797180282533709761e-01
8.847344035947786178e-01
8.893143614507689199e-01
8.934579593480059811e-01
8.971652493347680446e-01
9.004362779808658956e-01
9.032710863775587073e-01
9.056697101374706627e-01
9.076321793945120175e-01
9.091585188038073806e-01
9.102487475416329854e-01
9.109028793053666195e-01
9.111209223134500990e-01
9.109028793053666195e-01
9.102487475416329854e-01
9.091585188038073806e-01
9.076321793945120175e-01
9.056697101374706627e-01
9.032710863775587073e-01
9.004362779808660067e-01
8.971652493347681556e-01
8.934579593480060922e-01
8.893143614507690309e-01
8.847344035947787289e-01
8.797180282533710871e-01
8.742651724215700915e-01
8.683757676161513173e-01
8.620497398756880036e-01
8.552870097605761446e-01
8.480874923530326015e-01
8.404510972570596872e-01
8.323777285983706697e-01
8.238672850242704238e-01
8.149196597034839007e-01
8.055347403259242034e-01
7.957124091023971557e-01
7.854525427642308211e-01
7.747550125628257511e-01
7.636196842691175268e-01
7.520464181729435982e-01
7.400350690823086497e-01
7.275854863225397207e-01
7.146975137353243079e-01
7.013709896776240127e-01
6.876057470204567368e-01
6.734016131475407674e-01
6.587584099537937554e-01
6.436759538436799266e-01
6.281540557293989746e-01
6.121925210289136388e-01
5.957911496638041982e-01
5.789497360569534345e-01
5.616680691300494077e-01
5.439459323009063763e-01
5.257831034805994230e-01
5.071793550704103426e-01
4.881344539585788511e-01
4.686481615168642811e-01
4.487202335969094347e-01
4.283504205264108133e-01
4.075384671050947816e-01
3.862841126005003289e-01
3.645870907435710406e-01
3.424471297240599399e-01
3.198639521857506995e-01
2.968372752215001631e-01
2.733668103681076711e-01
2.494522636010219341e-01
2.250933353288875616e-01
2.002897203879457355e-01
1.750411080362969662e-01
1.493471819480388096e-01
1.232076202072884680e-01
9.662209530211056385e-02
6.959027411835734533e-02
4.211181793344371399e-02
1.418638241007220101e-02
