1.502231104857831012e-01
4.476606194508970793e-01
7.420094647692117018e-01
1.033190510721737843e+00
1.321125479497290645e+00
1.605736994638190973e+00
1.886948625940517710e+00
2.164684935746399308e+00
2.438871526511487975e+00
2.709435089480505710e+00
2.976303454257925196e+00
3.239405639019932170e+00
3.498671901078157731e+00
3.754033787475370865e+00
4.005424185268845250e+00
4.252777371138267704e+00
4.496029059942205919e+00
4.735116451839932239e+00
4.969978277594121252e+00
5.200554841674044582e+00
5.426788062788451050e+00
5.648621511491968228e+00
5.866000444528233437e+00
6.078871835596734385e+00
6.287184402258093385e+00
6.490888628723822329e+00
6.689936784310870799e+00
6.884282937378230827e+00
7.073882964601707179e+00
7.258694555483540256e+00
7.438677212034980002e+00
7.613792243611956501e+00
7.784002756926004629e+00
7.949273641294230863e+00
8.109571549232773791e+00
8.264864872537602380e+00
8.415123714034230318e+00
8.560319855213535334e+00
8.700426720004207581e+00
8.835419334963074078e+00
8.965274286192313369e+00
9.089969673317510157e+00
9.209485060882025564e+00
9.323801427531652308e+00
9.432901113378427738e+00
9.536767765944228259e+00
9.635386285092993219e+00
9.728742767365384125e+00
9.816824450131337088e+00
9.899619655974520427e+00
9.977117737717973611e+00
1.004930902449284247e+01
1.011618476924160248e+01
1.017773709803430648e+01
1.023395896156080731e+01
1.028484408914415305e+01
1.033038694560046089e+01
1.037058269124857190e+01
1.040542714534928770e+01
1.043491675322858825e+01
1.045904855731264860e+01
1.047782017227454254e+01
1.049122976446354372e+01
1.049927603575803481e+01
1.050195821195252854e+01
1.049927603575803481e+01
1.049122976446354372e+01
1.047782017227454254e+01
1.045904855731265037e+01
1.043491675322859180e+01
1.040542714534929303e+01
1.037058269124857723e+01
1.033038694560046444e+01
1.028484408914415837e+01
1.023395896156081086e+01
1.017773709803431359e+01
1.011618476924160959e+01
1.004930902449284957e+01
9.977117737717980717e+00
9.899619655974527532e+00
9.816824450131344193e+00
9.728742767365391231e+00
9.635386285093000325e+00
9.536767765944235364e+00
9.432901113378433067e+00
9.323801427531657637e+00
9.209485060882029117e+00
9.089969673317511933e+00
8.965274286192316922e+00
8.835419334963077631e+00
8.700426720004211134e+00
8.560319855213540663e+00
8.415123714034235647e+00
8.264864872537605933e+00
8.109571549232777343e+00
7.949273641294235304e+00
7.784002756926009070e+00
7.613792243611960942e+00
7.438677212034984443e+00
7.258694555483542032e+00
7.073882964601708956e+00
6.884282937378235268e+00
6.689936784310875240e+00
6.490888628723825882e+00
6.287184402258096938e+00
6.078871835596737938e+00
5.866000444528236102e+00
5.648621511491972669e+00
5.426788062788455491e+00
5.200554841674049023e+00
4.969978277594125693e+00
4.735116451839934903e+00
4.496029059942207695e+00
4.252777371138270368e+00
4.005424185268846138e+00
3.754033787475372197e+00
3.498671901078157731e+00
3.239405639019936167e+00
2.976303454257927861e+00
2.709435089480508818e+00
2.438871526511489307e+00
2.164684935746400196e+00
1.886948625940518154e+00
1.605736994638194526e+00
1.321125479497293975e+00
1.033190510721740285e+00
7.420094647692134782e-01
4.476606194508981340e-01
1.502231104857834898e-01
