7.732281100568462462e-02
2.300487501202863327e-01
3.808330866496164591e-01
5.296541753888222015e-01
6.764906503864350773e-01
8.213214297293138788e-01
9.641257203332926906e-01
1.104883022728561981e+00
1.243573135827555465e+00
1.380176161662074463e+00
1.514672510075544043e+00
1.647042903355669941e+00
1.777268380792338398e+00
1.905330303145356563e+00
2.031210357006605349e+00
2.154890559041280351e+00
2.276353260093228137e+00
2.395581149139825783e+00
2.512557257082477236e+00
2.627264960359557033e+00
2.739687984369489016e+00
2.849810406692683262e+00
2.957616660102116324e+00
3.063091535353557049e+00
3.166220183747694872e+00
3.266988119457773454e+00
3.365381221617712804e+00
3.461385736167132521e+00
3.554988277451132994e+00
3.646175829574182625e+00
3.734935747508899340e+00
3.821255757962001898e+00
3.905123960001116501e+00
3.986528825447563928e+00
4.065459199041594474e+00
4.141904298387840022e+00
4.215853713690051130e+00
4.287297407285286077e+00
4.356225712988918808e+00
4.422629335262754147e+00
4.486499348219544103e+00
4.547827194477956247e+00
4.606604683882840945e+00
4.662823992106206461e+00
4.716477659144856283e+00
4.767558587731024922e+00
4.816060041672654890e+00
4.861975644140104080e+00
4.905299375916152727e+00
4.946025573626113392e+00
4.984148927964676012e+00
5.019664481935852685e+00
5.052567629121993420e+00
5.082854111997348490e+00
5.110520020301075661e+00
5.135561789483886308e+00
5.157976199241764093e+00
5.177760372149296408e+00
5.194911772404266159e+00
5.209428204694057207e+00
5.221307813193422298e+00
5.230549080701956122e+00
5.237150827928462427e+00
5.241112212928120684e+00
5.242432730697124121e+00
5.241112212928119796e+00
5.237150827928462427e+00
5.230549080701956122e+00
5.221307813193422298e+00
5.209428204694057207e+00
5.194911772404265271e+00
5.177760372149295520e+00
5.157976199241762316e+00
5.135561789483885420e+00
5.110520020301074773e+00
5.082854111997347601e+00
5.052567629121991644e+00
5.019664481935850908e+00
4.984148927964674236e+00
4.946025573626111616e+00
4.905299375916150950e+00
4.861975644140102304e+00
4.816060041672653114e+00
4.767558587731023145e+00
4.716477659144854506e+00
4.662823992106205573e+00
4.606604683882839169e+00
4.547827194477953583e+00
4.486499348219542327e+00
4.422629335262752370e+00
4.356225712988916143e+00
4.287297407285285189e+00
4.215853713690050242e+00
4.141904298387840022e+00
4.065459199041593585e+00
3.986528825447563484e+00
3.905123960001115613e+00
3.821255757962001898e+00
3.734935747508899340e+00
3.646175829574182181e+00
3.554988277451132550e+00
3.461385736167132965e+00
3.365381221617712804e+00
3.266988119457773010e+00
3.166220183747693984e+00
3.063091535353556605e+00
2.957616660102115880e+00
2.849810406692683706e+00
2.739687984369489460e+00
2.627264960359557477e+00
2.512557257082478124e+00
2.395581149139825783e+00
2.276353260093228137e+00
2.154890559041279907e+00
2.031210357006604461e+00
1.905330303145355453e+00
1.777268380792337066e+00
1.647042903355670829e+00
1.514672510075544487e+00
1.380176161662074907e+00
1.243573135827555465e+00
1.104883022728561759e+00
9.641257203332922465e-01
8.213214297293153221e-01
6.764906503864362985e-01
5.296541753888232007e-01
3.808330866496171807e-01
2.300487501202867491e-01
7.732281100568474952e-02
