4.224413718072045354e-02
1.255350158718034903e-01
2.076232929380835146e-01
2.885038367841268325e-01
3.681715906578678088e-01
4.466215731323652238e-01
5.238488785838004702e-01
5.998486776645551855e-01
6.746162177702029750e-01
7.481468234992689759e-01
8.204358971046284976e-01
8.914789189354468402e-01
9.612714478686077424e-01
1.029809121728613830e+00
1.097087657695009266e+00
1.163102852696417333e+00
1.227850583790371708e+00
1.291326808528164394e+00
1.353527565304032843e+00
1.414448973688068323e+00
1.474087234742307961e+00
1.532438631319568589e+00
1.589499528344650026e+00
1.645266373077626909e+00
1.699735695359029908e+00
1.752904107836807945e+00
1.804768306175039028e+00
1.855325069244453839e+00
1.904571259294895125e+00
1.952503822109946219e+00
1.999119787144012950e+00
2.044416267642231499e+00
2.088390460743640542e+00
2.131039647568126583e+00
2.172361193287716929e+00
2.212352547182844464e+00
2.251011242684278990e+00
2.288334897401451684e+00
2.324321213137967135e+00
2.358967975895116087e+00
2.392273055864249987e+00
2.424234407408909941e+00
2.454850069037618709e+00
2.484118163368268295e+00
2.512036897085053955e+00
2.538604560888903627e+00
2.563819529442368239e+00
2.587680261309915242e+00
2.610185298894589945e+00
2.631333268371966128e+00
2.651122879622305195e+00
2.669552926161821826e+00
2.686622285073915872e+00
2.702329916941202725e+00
2.716674865779146408e+00
2.729656258972041005e+00
2.741273307212049648e+00
2.751525304441972519e+00
2.760411627802339396e+00
2.767931737583388063e+00
2.774085177182421535e+00
2.778871573066973966e+00
2.782290634744166269e+00
2.784342154736548558e+00
2.785026008564668309e+00
2.784342154736548558e+00
2.782290634744166269e+00
2.778871573066973966e+00
2.774085177182421091e+00
2.767931737583387619e+00
2.760411627802338952e+00
2.751525304441972075e+00
2.741273307212049204e+00
2.729656258972040561e+00
2.716674865779146408e+00
2.702329916941202281e+00
2.686622285073915428e+00
2.669552926161821826e+00
2.651122879622304307e+00
2.631333268371965239e+00
2.610185298894589501e+00
2.587680261309914798e+00
2.563819529442367351e+00
2.538604560888903183e+00
2.512036897085052622e+00
2.484118163368267407e+00
2.454850069037617821e+00
2.424234407408909497e+00
2.392273055864249542e+00
2.358967975895115643e+00
2.324321213137966691e+00
2.288334897401451240e+00
2.251011242684278546e+00
2.212352547182844020e+00
2.172361193287716041e+00
2.131039647568125694e+00
2.088390460743639654e+00
2.044416267642231055e+00
1.999119787144012061e+00
1.952503822109945109e+00
1.904571259294894015e+00
1.855325069244453617e+00
1.804768306175038806e+00
1.752904107836807057e+00
1.699735695359029242e+00
1.645266373077626243e+00
1.589499528344649359e+00
1.532438631319568367e+00
1.474087234742307739e+00
1.414448973688068323e+00
1.353527565304032398e+00
1.291326808528163728e+00
1.227850583790371042e+00
1.163102852696416889e+00
1.097087657695008378e+00
1.029809121728612942e+00
9.612714478686067432e-01
8.914789189354468402e-01
8.204358971046283866e-01
7.481468234992688648e-01
6.746162177702026419e-01
5.998486776645548524e-01
5.238488785838001371e-01
4.466215731323657789e-01
3.681715906578683639e-01
2.885038367841272211e-01
2.076232929380837922e-01
1.255350158718036846e-01
4.224413718072051599e-02
