5.389948573723530867e-01
1.605693538834739753e+00
2.659805554751438983e+00
3.700053483056568560e+00
4.725183621582768723e+00
5.733971985228508927e+00
6.725230808546935002e+00
7.697815512132451410e+00
8.650632035286562882e+00
9.582644388771035082e+00
1.049288224294724436e+01
1.138044834041378550e+01
1.224452550963204800e+01
1.308438305723767137e+01
1.389938233108735055e+01
1.468898127204113102e+01
1.545273780779759853e+01
1.619031198407498806e+01
1.690146677412557707e+01
1.758606755405218180e+01
1.824408027596128790e+01
1.887556841133842056e+01
1.948068877139445121e+01
2.005968633832044290e+01
2.061288826080908976e+01
2.114069717880446930e+01
2.164358404664556446e+01
2.212208062135167097e+01
2.257677177478324637e+01
2.300828777596334973e+01
2.341729667416027993e+01
2.380449689556808934e+01
2.417061014762775883e+01
2.451637470611360570e+01
2.484253914180511558e+01
2.514985652643968450e+01
2.543907914209782106e+01
2.571095370445990724e+01
2.596621709861460658e+01
2.620559261631054682e+01
2.642978667565978057e+01
2.663948599819883256e+01
2.683535521372730059e+01
2.701803486028681434e+01
2.718813974481877338e+01
2.734625762925187331e+01
2.749294820683362062e+01
2.762874233426144954e+01
2.775414148643375256e+01
2.786961740229311246e+01
2.797561189215685573e+01
2.807253677902566125e+01
2.816077394854957561e+01
2.824067548454806342e+01
2.831256386917753431e+01
2.837673222897847225e+01
2.843344461008933877e+01
2.848293626786820099e+01
2.852541395800638568e+01
2.856105621794813132e+01
2.859001362904795940e+01
2.861240905140929058e+01
2.862833782476279509e+01
2.863786793007230713e+01
2.864104010781370491e+01
2.863786793007230713e+01
2.862833782476279509e+01
2.861240905140929058e+01
2.859001362904796295e+01
2.856105621794813842e+01
2.852541395800638924e+01
2.848293626786820454e+01
2.843344461008934232e+01
2.837673222897847936e+01
2.831256386917754142e+01
2.824067548454807053e+01
2.816077394854957916e+01
2.807253677902566835e+01
2.797561189215685928e+01
2.786961740229311602e+01
2.775414148643375967e+01
2.762874233426145310e+01
2.749294820683362417e+01
2.734625762925187686e+01
2.718813974481877693e+01
2.701803486028681789e+01
2.683535521372730059e+01
2.663948599819883256e+01
2.642978667565978057e+01
2.620559261631054682e+01
2.596621709861460658e+01
2.571095370445991080e+01
2.543907914209782462e+01
2.514985652643968450e+01
2.484253914180511558e+01
2.451637470611360214e+01
2.417061014762775528e+01
2.380449689556808934e+01
2.341729667416027993e+01
2.300828777596334618e+01
2.257677177478324282e+01
2.212208062135167097e+01
2.164358404664556801e+01
2.114069717880446220e+01
2.061288826080908620e+01
2.005968633832043579e+01
1.948068877139444766e+01
1.887556841133842056e+01
1.824408027596128434e+01
1.758606755405218180e+01
1.690146677412557707e+01
1.619031198407498451e+01
1.545273780779759498e+01
1.468898127204112747e+01
1.389938233108734345e+01
1.308438305723766426e+01
1.224452550963203734e+01
1.138044834041378905e+01
1.049288224294724614e+01
9.582644388771035082e+00
8.650632035286559329e+00
7.697815512132448745e+00
6.725230808546930561e+00
5.733971985228516921e+00
4.725183621582775828e+00
3.700053483056574333e+00
2.659805554751442980e+00
1.605693538834742418e+00
5.389948573723538638e-01
