7.732281100568468013e-02
2.300487501202865270e-01
3.808330866496167366e-01
5.296541753888226456e-01
6.764906503864356324e-01
8.213214297293145449e-01
9.641257203332935788e-01
1.104883022728562869e+00
1.243573135827556575e+00
1.380176161662075573e+00
1.514672510075545375e+00
1.647042903355671273e+00
1.777268380792339730e+00
1.905330303145358117e+00
2.031210357006607126e+00
2.154890559041282128e+00
2.276353260093230357e+00
2.395581149139828003e+00
2.512557257082479456e+00
2.627264960359559254e+00
2.739687984369491236e+00
2.849810406692685483e+00
2.957616660102118544e+00
3.063091535353559713e+00
3.166220183747697092e+00
3.266988119457776119e+00
3.365381221617715912e+00
3.461385736167136074e+00
3.554988277451136103e+00
3.646175829574186178e+00
3.734935747508902892e+00
3.821255757962005450e+00
3.905123960001119610e+00
3.986528825447567925e+00
4.065459199041598026e+00
4.141904298387844463e+00
4.215853713690054683e+00
4.287297407285289630e+00
4.356225712988922361e+00
4.422629335262758588e+00
4.486499348219548544e+00
4.547827194477959800e+00
4.606604683882845386e+00
4.662823992106210902e+00
4.716477659144860723e+00
4.767558587731029363e+00
4.816060041672659331e+00
4.861975644140108521e+00
4.905299375916157167e+00
4.946025573626117833e+00
4.984148927964680453e+00
5.019664481935857125e+00
5.052567629121997861e+00
5.082854111997352931e+00
5.110520020301080102e+00
5.135561789483891637e+00
5.157976199241768533e+00
5.177760372149300849e+00
5.194911772404270600e+00
5.209428204694061648e+00
5.221307813193426739e+00
5.230549080701961451e+00
5.237150827928466867e+00
5.241112212928125125e+00
5.242432730697129450e+00
5.241112212928125125e+00
5.237150827928466867e+00
5.230549080701961451e+00
5.221307813193426739e+00
5.209428204694061648e+00
5.194911772404269712e+00
5.177760372149299961e+00
5.157976199241767645e+00
5.135561789483889861e+00
5.110520020301079214e+00
5.082854111997352042e+00
5.052567629121996085e+00
5.019664481935855349e+00
4.984148927964678677e+00
4.946025573626116056e+00
4.905299375916155391e+00
4.861975644140106745e+00
4.816060041672657555e+00
4.767558587731027586e+00
4.716477659144858947e+00
4.662823992106210014e+00
4.606604683882842721e+00
4.547827194477957136e+00
4.486499348219545880e+00
4.422629335262755923e+00
4.356225712988920584e+00
4.287297407285289630e+00
4.215853713690054683e+00
4.141904298387843575e+00
4.065459199041598026e+00
3.986528825447567037e+00
3.905123960001119165e+00
3.821255757962005450e+00
3.734935747508902892e+00
3.646175829574185290e+00
3.554988277451135659e+00
3.461385736167136074e+00
3.365381221617715912e+00
3.266988119457775674e+00
3.166220183747697092e+00
3.063091535353559269e+00
2.957616660102118544e+00
2.849810406692686371e+00
2.739687984369492124e+00
2.627264960359560142e+00
2.512557257082480344e+00
2.395581149139828003e+00
2.276353260093230357e+00
2.154890559041282128e+00
2.031210357006606237e+00
1.905330303145357451e+00
1.777268380792338620e+00
1.647042903355672161e+00
1.514672510075545819e+00
1.380176161662076018e+00
1.243573135827556575e+00
1.104883022728562647e+00
9.641257203332930237e-01
8.213214297293159882e-01
6.764906503864368537e-01
5.296541753888235338e-01
3.808330866496174583e-01
2.300487501202869434e-01
7.732281100568481891e-02
