6.433484702275551470e-01
1.897655297278718400e+00
3.119572395415412203e+00
4.309102220581288556e+00
5.466252286671519300e+00
6.591039059799883582e+00
7.683492417388584350e+00
8.743660375369533000e+00
9.771613830647099874e+00
1.076745110757181756e+01
1.173130213652467901e+01
1.266333212973205136e+01
1.356374465397019335e+01
1.443278403167872170e+01
1.527073703097249258e+01
1.607793383092056061e+01
1.685474827108770768e+01
1.760159741360157781e+01
1.831894046188090996e+01
1.900727709267652799e+01
1.966714526735249535e+01
2.029911859455672740e+01
2.090380331984605178e+01
2.148183501873755574e+01
2.203387506838751975e+01
2.256060697000288684e+01
2.306273258952459315e+01
2.354096837843705359e+01
2.399604163008395474e+01
2.442868681991068414e+01
2.483964207087797149e+01
2.522964577813125686e+01
2.559943342005848521e+01
2.594973457627887115e+01
2.628127016699146168e+01
2.659474992255671921e+01
2.689087008723601713e+01
2.717031135669594377e+01
2.743373704519744649e+01
2.768179147531609985e+01
2.791509858054824278e+01
2.813426070920630906e+01
2.833985761654744095e+01
2.853244563106014198e+01
2.871255698020046054e+01
2.888069926056929049e+01
2.903735503750431590e+01
2.918298155927584858e+01
2.931801057148140188e+01
2.944284821778896344e+01
2.955787501384848781e+01
2.966344588194404963e+01
2.975989023476936879e+01
2.984751209755433976e+01
2.992659025863248701e+01
2.999737843940339843e+01
3.006010547549983158e+01
3.011497550180752825e+01
3.016216813480093251e+01
3.020183864644717175e+01
3.023411812469119297e+01
3.025911361626758733e+01
3.027690824829056027e+01
3.028756132575471227e+01
3.029110840273965621e+01
3.028756132575471227e+01
3.027690824829056027e+01
3.025911361626758733e+01
3.023411812469119653e+01
3.020183864644717531e+01
3.016216813480093251e+01
3.011497550180752825e+01
3.006010547549983158e+01
2.999737843940339843e+01
2.992659025863248701e+01
2.984751209755433976e+01
2.975989023476936168e+01
2.966344588194404253e+01
2.955787501384848071e+01
2.944284821778895989e+01
2.931801057148139833e+01
2.918298155927584503e+01
2.903735503750431235e+01
2.888069926056928693e+01
2.871255698020045344e+01
2.853244563106013842e+01
2.833985761654743385e+01
2.813426070920629840e+01
2.791509858054823567e+01
2.768179147531609274e+01
2.743373704519743939e+01
2.717031135669594377e+01
2.689087008723601713e+01
2.659474992255671921e+01
2.628127016699145813e+01
2.594973457627886759e+01
2.559943342005848166e+01
2.522964577813125331e+01
2.483964207087796794e+01
2.442868681991067703e+01
2.399604163008394764e+01
2.354096837843705359e+01
2.306273258952459315e+01
2.256060697000288684e+01
2.203387506838751975e+01
2.148183501873755219e+01
2.090380331984605178e+01
2.029911859455673095e+01
1.966714526735249535e+01
1.900727709267652799e+01
1.831894046188090996e+01
1.760159741360157781e+01
1.685474827108770768e+01
1.607793383092056061e+01
1.527073703097248902e+01
1.443278403167871815e+01
1.356374465397018625e+01
1.266333212973205846e+01
1.173130213652468079e+01
1.076745110757181934e+01
9.771613830647099874e+00
8.743660375369531224e+00
7.683492417388579909e+00
6.591039059799893352e+00
5.466252286671526406e+00
4.309102220581295661e+00
3.119572395415417088e+00
1.897655297278721509e+00
6.433484702275560352e-01
