7.775838857869241116e-03
2.307801790146707388e-02
3.813109409326295718e-02
5.293545680863935565e-02
6.749148898822242282e-02
8.179956714792234462e-02
9.586006138881257577e-02
1.096733354068463451e-01
1.232397465024090005e-01
1.365596455897049588e-01
1.496333772059782741e-01
1.624612795205652993e-01
1.750436843437795098e-01
1.873809171356263792e-01
1.994732970143488493e-01
2.113211367648021588e-01
2.229247428466576975e-01
2.342844154024354975e-01
2.454004482653651120e-01
2.562731289670749923e-01
2.669027387451090583e-01
2.772895525502724334e-01
2.874338390538041521e-01
2.973358606543790583e-01
3.069958734849366766e-01
3.164141274193400521e-01
3.255908660788622289e-01
3.345263268385028077e-01
3.432207408331329201e-01
3.516743329634713922e-01
3.598873219018898784e-01
3.678599200980506856e-01
3.755923337843737886e-01
3.830847629813378674e-01
3.903374015026125354e-01
3.973504369600242558e-01
4.041240507683562244e-01
4.106584181499818853e-01
4.169537081393343003e-01
4.230100835872109832e-01
4.288277011649145876e-01
4.344067113682313908e-01
4.397472585212468532e-01
4.448494807799999173e-01
4.497135101359760467e-01
4.543394724194397827e-01
4.587274873026080946e-01
4.628776683026636918e-01
4.667901227846110723e-01
4.704649519639731436e-01
4.739022509093318014e-01
4.771021085447108567e-01
4.800646076518029770e-01
4.827898248720405294e-01
4.852778307085114928e-01
4.875286895277199939e-01
4.895424595611926333e-01
4.913191929069307129e-01
4.928589355307080866e-01
4.941617272672166328e-01
4.952276018210570729e-01
4.960565867675783003e-01
4.966487035535628869e-01
4.970039674977603794e-01
4.971223877912683831e-01
4.970039674977604349e-01
4.966487035535629424e-01
4.960565867675783003e-01
4.952276018210570729e-01
4.941617272672166328e-01
4.928589355307080866e-01
4.913191929069306574e-01
4.895424595611926333e-01
4.875286895277199939e-01
4.852778307085114373e-01
4.827898248720405294e-01
4.800646076518029770e-01
4.771021085447109122e-01
4.739022509093318014e-01
4.704649519639731436e-01
4.667901227846110723e-01
4.628776683026636918e-01
4.587274873026080946e-01
4.543394724194398382e-01
4.497135101359760467e-01
4.448494807800000284e-01
4.397472585212469087e-01
4.344067113682314463e-01
4.288277011649146431e-01
4.230100835872110387e-01
4.169537081393343558e-01
4.106584181499819408e-01
4.041240507683562799e-01
3.973504369600243669e-01
3.903374015026125909e-01
3.830847629813379229e-01
3.755923337843738441e-01
3.678599200980506856e-01
3.598873219018899339e-01
3.516743329634713366e-01
3.432207408331329201e-01
3.345263268385028632e-01
3.255908660788622844e-01
3.164141274193399966e-01
3.069958734849366766e-01
2.973358606543790583e-01
2.874338390538042076e-01
2.772895525502725445e-01
2.669027387451091693e-01
2.562731289670751034e-01
2.454004482653652508e-01
2.342844154024355807e-01
2.229247428466577530e-01
2.113211367648021866e-01
1.994732970143488493e-01
1.873809171356263237e-01
1.750436843437794543e-01
1.624612795205653826e-01
1.496333772059783296e-01
1.365596455897050143e-01
1.232397465024090283e-01
1.096733354068463728e-01
9.586006138881256189e-02
8.179956714792249728e-02
6.749148898822254772e-02
5.293545680863945974e-02
3.813109409326302657e-02
2.307801790146711898e-02
7.775838857869256729e-03
