3.232273546393963359e-01
9.579452395360970041e-01
1.580926325024655021e+00
2.192170773491419755e+00
2.791679091134117829e+00
3.379452409023439685e+00
3.955492821208661525e+00
4.519803763858425860e+00
5.072390420971348846e+00
5.613260143671703339e+00
6.142422871525304195e+00
6.659891545671504431e+00
7.165682504869725022e+00
7.659815856802771883e+00
8.142315818164068020e+00
8.613211018179887546e+00
9.072534761279621662e+00
9.520325245624405852e+00
9.956625735135681055e+00
1.038148468352792086e+01
1.079495580964261592e+01
1.119709812410213878e+01
1.158797590795141907e+01
1.196765864453244355e+01
1.233622090634153423e+01
1.269374219905352419e+01
1.304030676526145527e+01
1.337600335077836000e+01
1.370092493658103372e+01
1.401516843964881431e+01
1.431883438606630321e+01
1.461202655982271637e+01
1.489485163075619489e+01
1.516741876506409703e+01
1.542983922173474909e+01
1.568222593815760035e+01
1.592469310804178662e+01
1.615735575462310791e+01
1.638032930197054426e+01
1.659372914702044355e+01
1.679767023477357313e+01
1.699226663889090716e+01
1.717763114972230909e+01
1.735387487160091524e+01
1.752110683103802558e+01
1.767943359726114849e+01
1.782895891635340035e+01
1.796978336007768817e+01
1.810200399030513907e+01
1.822571403981534743e+01
1.834100261009676558e+01
1.844795438664977638e+01
1.854664937218235821e+01
1.863716263798938755e+01
1.871956409372096886e+01
1.879391827567251383e+01
1.886028415366896738e+01
1.891871495656733870e+01
1.896925801636421482e+01
1.901195463086785509e+01
1.904683994487670162e+01
1.907394284979668342e+01
1.909328590162746053e+01
1.910488525725198272e+01
1.910875062897280330e+01
1.910488525725198272e+01
1.909328590162746053e+01
1.907394284979668342e+01
1.904683994487670162e+01
1.901195463086785153e+01
1.896925801636421127e+01
1.891871495656733515e+01
1.886028415366896027e+01
1.879391827567251028e+01
1.871956409372096530e+01
1.863716263798938400e+01
1.854664937218235465e+01
1.844795438664977283e+01
1.834100261009676558e+01
1.822571403981534743e+01
1.810200399030513907e+01
1.796978336007768462e+01
1.782895891635340035e+01
1.767943359726114849e+01
1.752110683103802558e+01
1.735387487160091524e+01
1.717763114972230554e+01
1.699226663889090716e+01
1.679767023477357313e+01
1.659372914702044355e+01
1.638032930197054071e+01
1.615735575462311147e+01
1.592469310804178839e+01
1.568222593815760213e+01
1.542983922173474909e+01
1.516741876506409703e+01
1.489485163075619489e+01
1.461202655982271637e+01
1.431883438606630321e+01
1.401516843964881431e+01
1.370092493658103372e+01
1.337600335077836178e+01
1.304030676526145882e+01
1.269374219905352597e+01
1.233622090634153601e+01
1.196765864453244532e+01
1.158797590795142085e+01
1.119709812410214411e+01
1.079495580964261947e+01
1.038148468352792619e+01
9.956625735135686384e+00
9.520325245624409405e+00
9.072534761279623439e+00
8.613211018179889322e+00
8.142315818164068020e+00
7.659815856802772771e+00
7.165682504869722358e+00
6.659891545671508872e+00
6.142422871525305084e+00
5.613260143671705116e+00
5.072390420971347957e+00
4.519803763858424084e+00
3.955492821208658860e+00
3.379452409023444126e+00
2.791679091134121826e+00
2.192170773491422420e+00
1.580926325024657020e+00
9.579452395360983363e-01
3.232273546393967800e-01
