6.049361772084139305e-03
1.796050792397736046e-02
2.968407668359861543e-02
4.122006805096810333e-02
5.256848202614922833e-02
6.372931860928471304e-02
7.470257780064072650e-02
8.548825960065734031e-02
9.608636401000364424e-02
1.064968910296359844e-01
1.167198406608581651e-01
1.267552129053818311e-01
1.366030077653866970e-01
1.462632252435788482e-01
1.557358653432468765e-01
1.650209280683141433e-01
1.741184134233879910e-01
1.830283214138032910e-01
1.917506520456615793e-01
2.002854053258646128e-01
2.086325812621416531e-01
2.167921798630706443e-01
2.247642011380934779e-01
2.325486450975242647e-01
2.401455117525509997e-01
2.475548011152309547e-01
2.547765131984791598e-01
2.618106480160506955e-01
2.686572055825162120e-01
2.753161859132319811e-01
2.817875890243030645e-01
2.880714149325419582e-01
2.941676636554203528e-01
3.000763352110173421e-01
3.057974296179618023e-01
3.113309468953709969e-01
3.166768870627848509e-01
3.218352501400968957e-01
3.268060361474818820e-01
3.315892451053207846e-01
3.361848770341235304e-01
3.405929319544496181e-01
3.448134098868279596e-01
3.488463108516751121e-01
3.526916348692134551e-01
3.563493819593891998e-01
3.598195521417908438e-01
3.631021454355682909e-01
3.661971618593535815e-01
3.691046014311830659e-01
3.718244641684217977e-01
3.743567500876901488e-01
3.767014592047937538e-01
3.788585915346563415e-01
3.808281470912559530e-01
3.826101258875653222e-01
3.842045279354967535e-01
3.856113532458502746e-01
3.868306018282677838e-01
3.878622736911914726e-01
3.887063688418272989e-01
3.893628872861139012e-01
3.898318290286971743e-01
3.901131940729098968e-01
3.902069824207576865e-01
3.901131940729098968e-01
3.898318290286971743e-01
3.893628872861139012e-01
3.887063688418272989e-01
3.878622736911915281e-01
3.868306018282677838e-01
3.856113532458502191e-01
3.842045279354967535e-01
3.826101258875653222e-01
3.808281470912558975e-01
3.788585915346562860e-01
3.767014592047937538e-01
3.743567500876900933e-01
3.718244641684217422e-01
3.691046014311830104e-01
3.661971618593535260e-01
3.631021454355682354e-01
3.598195521417908438e-01
3.563493819593891998e-01
3.526916348692133996e-01
3.488463108516750566e-01
3.448134098868279040e-01
3.405929319544495071e-01
3.361848770341234749e-01
3.315892451053207290e-01
3.268060361474818265e-01
3.218352501400968402e-01
3.166768870627847954e-01
3.113309468953708858e-01
3.057974296179616913e-01
3.000763352110172311e-01
2.941676636554202418e-01
2.880714149325418472e-01
2.817875890243030090e-01
2.753161859132318146e-01
2.686572055825160454e-01
2.618106480160506400e-01
2.547765131984791043e-01
2.475548011152308991e-01
2.401455117525509442e-01
2.325486450975242092e-01
2.247642011380934224e-01
2.167921798630706443e-01
2.086325812621416254e-01
2.002854053258646405e-01
1.917506520456616070e-01
1.830283214138032355e-01
1.741184134233879632e-01
1.650209280683141155e-01
1.557358653432467932e-01
1.462632252435787927e-01
1.366030077653865860e-01
1.267552129053818866e-01
1.167198406608581929e-01
1.064968910296359983e-01
9.608636401000361649e-02
8.548825960065732643e-02
7.470257780064068487e-02
6.372931860928481018e-02
5.256848202614930465e-02
4.122006805096815885e-02
2.968407668359866053e-02
1.796050792397738821e-02
6.049361772084147978e-03
