5.534820657738637184e-03
1.642624763031091256e-02
2.713977156937873170e-02
3.767569869908982128e-02
4.803433016711554371e-02
5.821596205328448403e-02
6.822088537807283193e-02
7.804938611095145473e-02
8.770174517858926599e-02
9.717823847291282013e-02
1.064791368590222581e-01
1.156047061829627576e-01
1.245552072793524728e-01
1.333308959788656600e-01
1.419320231155724310e-01
1.503588345341335120e-01
1.586115710968514780e-01
1.666904686905774091e-01
1.745957582334739522e-01
1.823276656816341934e-01
1.898864120355563678e-01
1.972722133464755445e-01
2.044852807225508717e-01
2.115258203349102417e-01
2.183940334235507930e-01
2.250901163030968599e-01
2.316142603684147872e-01
2.379666521000851631e-01
2.441474730697321960e-01
2.501568999452109532e-01
2.559951044956526589e-01
2.616622535963677998e-01
2.671585092336078437e-01
2.724840285091851833e-01
2.776389636449524412e-01
2.826234619871401677e-01
2.874376660105545933e-01
2.920817133226341622e-01
2.965557366673665096e-01
3.008598639290648302e-01
3.049942181360051907e-01
3.089589174639237878e-01
3.127540752393752621e-01
3.163797999429515673e-01
3.198361952123627838e-01
3.231233598453783773e-01
3.262413878026309000e-01
3.291903682102811923e-01
3.319703853625453061e-01
3.345815187240841482e-01
3.370238429322555684e-01
3.392974277992282239e-01
3.414023383139594414e-01
3.433386346440349679e-01
3.451063721373721083e-01
3.467056013237864165e-01
3.481363679164211078e-01
3.493987128130406350e-01
3.504926720971871523e-01
3.514182770392010324e-01
3.521755540971053255e-01
3.527645249173534947e-01
3.531852063354415372e-01
3.534376103763837151e-01
3.535217442550528943e-01
3.534376103763837151e-01
3.531852063354414817e-01
3.527645249173534947e-01
3.521755540971053255e-01
3.514182770392010324e-01
3.504926720971871523e-01
3.493987128130406350e-01
3.481363679164211633e-01
3.467056013237864165e-01
3.451063721373721638e-01
3.433386346440350234e-01
3.414023383139594969e-01
3.392974277992282794e-01
3.370238429322555684e-01
3.345815187240842037e-01
3.319703853625453061e-01
3.291903682102811923e-01
3.262413878026309555e-01
3.231233598453783218e-01
3.198361952123627283e-01
3.163797999429516228e-01
3.127540752393752621e-01
3.089589174639238434e-01
3.049942181360051907e-01
3.008598639290648302e-01
2.965557366673664541e-01
2.920817133226342177e-01
2.874376660105546488e-01
2.826234619871402232e-01
2.776389636449524967e-01
2.724840285091852943e-01
2.671585092336079548e-01
2.616622535963678553e-01
2.559951044956526589e-01
2.501568999452109532e-01
2.441474730697321682e-01
2.379666521000852464e-01
2.316142603684148704e-01
2.250901163030969154e-01
2.183940334235508485e-01
2.115258203349102972e-01
2.044852807225508995e-01
1.972722133464756000e-01
1.898864120355564511e-01
1.823276656816342489e-01
1.745957582334740077e-01
1.666904686905774091e-01
1.586115710968514780e-01
1.503588345341335397e-01
1.419320231155724310e-01
1.333308959788656600e-01
1.245552072793523896e-01
1.156047061829628270e-01
1.064791368590222997e-01
9.717823847291286177e-02
8.770174517858927987e-02
7.804938611095146861e-02
6.822088537807283193e-02
5.821596205328458118e-02
4.803433016711562697e-02
3.767569869908988373e-02
2.713977156937878027e-02
1.642624763031094379e-02
5.534820657738646725e-03
