5.351132610954580926e-01
1.581002306031225935e+00
2.602554058972571749e+00
3.599769710640716269e+00
4.572652927918698040e+00
5.521211801490004234e+00
6.445461116165457582e+00
7.345424808022579910e+00
8.221138489985076347e+00
9.072651944152644532e+00
9.900031495073971399e+00
1.070336219323221272e+01
1.148274975225194972e+01
1.223832219669036014e+01
1.297023118968342104e+01
1.367865302111504988e+01
1.436378924730267848e+01
1.502586698239361240e+01
1.566513884970578019e+01
1.628188260810353682e+01
1.687640047417541922e+01
1.744901816549815621e+01
1.800008369367226280e+01
1.852996593816209270e+01
1.903905303334539667e+01
1.952775060166745291e+01
1.999647986550393952e+01
2.044567566937504211e+01
2.087578444263045441e+01
2.128726213075297835e+01
2.168057212111274623e+01
2.205618318644629738e+01
2.241456746662618826e+01
2.275619850651064624e+01
2.308154936489047415e+01
2.339109080684333009e+01
2.368528958921318406e+01
2.396460684649474615e+01
2.422949658214825419e+01
2.448040426831921224e+01
2.471776555510293960e+01
2.494200508887968226e+01
2.515353543785222357e+01
2.535275612173830950e+01
2.554005274159536043e+01
2.571579620497268337e+01
2.588034204098205748e+01
2.603402979943577122e+01
2.617718252790564648e+01
2.631010632039074792e+01
2.643308993122995432e+01
2.654640444794239329e+01
2.665030301681008496e+01
2.674502061521971896e+01
2.683077386504197293e+01
2.690776088163696045e+01
2.697616115342340493e+01
2.703613544732906249e+01
2.708782573584372955e+01
2.713135514181806940e+01
2.716682789758661798e+01
2.719432931543822463e+01
2.721392576690814380e+01
2.722566466882182112e+01
2.722957447447839030e+01
2.722566466882182112e+01
2.721392576690814380e+01
2.719432931543822463e+01
2.716682789758661443e+01
2.713135514181806585e+01
2.708782573584372955e+01
2.703613544732905893e+01
2.697616115342340493e+01
2.690776088163695690e+01
2.683077386504196937e+01
2.674502061521971541e+01
2.665030301681008140e+01
2.654640444794238974e+01
2.643308993122995076e+01
2.631010632039074437e+01
2.617718252790564293e+01
2.603402979943576767e+01
2.588034204098205038e+01
2.571579620497267982e+01
2.554005274159535688e+01
2.535275612173830595e+01
2.515353543785222001e+01
2.494200508887967871e+01
2.471776555510293605e+01
2.448040426831920868e+01
2.422949658214825064e+01
2.396460684649474615e+01
2.368528958921318406e+01
2.339109080684333009e+01
2.308154936489047415e+01
2.275619850651064624e+01
2.241456746662618826e+01
2.205618318644629738e+01
2.168057212111274623e+01
2.128726213075297835e+01
2.087578444263045085e+01
2.044567566937504211e+01
1.999647986550394307e+01
1.952775060166744936e+01
1.903905303334539312e+01
1.852996593816208559e+01
1.800008369367226280e+01
1.744901816549815976e+01
1.687640047417542277e+01
1.628188260810354038e+01
1.566513884970578374e+01
1.502586698239361240e+01
1.436378924730267670e+01
1.367865302111504988e+01
1.297023118968341748e+01
1.223832219669035659e+01
1.148274975225194261e+01
1.070336219323221805e+01
9.900031495073974952e+00
9.072651944152646308e+00
8.221138489985076347e+00
7.345424808022579022e+00
6.445461116165454918e+00
5.521211801490012228e+00
4.572652927918705146e+00
3.599769710640721598e+00
2.602554058972575746e+00
1.581002306031228377e+00
5.351132610954589808e-01
