1.481516592097404175e-02
4.397930318936978111e-02
7.267756598783685351e-02
1.009102692834639853e-01
1.286777229126591371e-01
1.559802315869923406e-01
1.828180948990047461e-01
2.091916073279625754e-01
2.351010582455370368e-01
2.605467319213917166e-01
2.855289075286612799e-01
3.100478591493054936e-01
3.341038557793264974e-01
3.576971613338341127e-01
3.808280346519512527e-01
4.034967295015471356e-01
4.257034945837916973e-01
4.474485735375221540e-01
4.687322049434172189e-01
4.895546223279739206e-01
5.099160541672813629e-01
5.298167238905917564e-01
5.492568498836845059e-01
5.682366454920250165e-01
5.867563190237150561e-01
6.048160737522403352e-01
6.224161079190136947e-01
6.395566147357186759e-01
6.562377823864562476e-01
6.724597940296990206e-01
6.882228278000586119e-01
7.035270568098710431e-01
7.183726491506060574e-01
7.327597678941071280e-01
7.466885710936704834e-01
7.601592117849679253e-01
7.731718379868239843e-01
7.857265927018536322e-01
7.978236139169698760e-01
8.094630346037687829e-01
8.206449827188021517e-01
8.313695812037454891e-01
8.416369479854706181e-01
8.514471959760306907e-01
8.608004330725700370e-01
8.696967621571620732e-01
8.781362810965900323e-01
8.861190827420741822e-01
8.936452549289569669e-01
9.007148804763537298e-01
9.073280371867754601e-01
9.134847978457344420e-01
9.191852302213360248e-01
9.244293970638675084e-01
9.292173561053880260e-01
9.335491600593283090e-01
9.374248566201029975e-01
9.408444884627444882e-01
9.438080932425600977e-01
9.463157035948199791e-01
9.483673471344771233e-01
9.499630464559257748e-01
9.511028191327981496e-01
9.517866777178045634e-01
9.520146297426183013e-01
9.517866777178045634e-01
9.511028191327981496e-01
9.499630464559257748e-01
9.483673471344770123e-01
9.463157035948198681e-01
9.438080932425600977e-01
9.408444884627443772e-01
9.374248566201029975e-01
9.335491600593281980e-01
9.292173561053879149e-01
9.244293970638673974e-01
9.191852302213359138e-01
9.134847978457343309e-01
9.073280371867753491e-01
9.007148804763535077e-01
8.936452549289569669e-01
8.861190827420740712e-01
8.781362810965900323e-01
8.696967621571619622e-01
8.608004330725699260e-01
8.514471959760306907e-01
8.416369479854705071e-01
8.313695812037456001e-01
8.206449827188021517e-01
8.094630346037687829e-01
7.978236139169698760e-01
7.857265927018538543e-01
7.731718379868240953e-01
7.601592117849679253e-01
7.466885710936704834e-01
7.327597678941071280e-01
7.183726491506060574e-01
7.035270568098711541e-01
6.882228278000586119e-01
6.724597940296987986e-01
6.562377823864560256e-01
6.395566147357187869e-01
6.224161079190136947e-01
6.048160737522403352e-01
5.867563190237150561e-01
5.682366454920250165e-01
5.492568498836845059e-01
5.298167238905918675e-01
5.099160541672813629e-01
4.895546223279739761e-01
4.687322049434172189e-01
4.474485735375220430e-01
4.257034945837915862e-01
4.034967295015470246e-01
3.808280346519510862e-01
3.576971613338338907e-01
3.341038557793262198e-01
3.100478591493055491e-01
2.855289075286611689e-01
2.605467319213916610e-01
2.351010582455369535e-01
2.091916073279624644e-01
1.828180948990046351e-01
1.559802315869925626e-01
1.286777229126593314e-01
1.009102692834641379e-01
7.267756598783696453e-02
4.397930318936983662e-02
1.481516592097406430e-02
