8.479070036347563857e-03
2.516554325970331990e-02
4.158076244429823737e-02
5.772513368793673327e-02
7.359905638588963572e-02
8.920292324097785219e-02
1.045371202734970001e-01
1.196020268309805623e-01
1.343980155977996804e-01
1.489254526045973026e-01
1.631846972375559923e-01
1.771761022474959424e-01
1.909000137588045543e-01
2.043567712781934886e-01
2.175467077032846308e-01
2.304701493310220839e-01
2.431274158659111340e-01
2.555188204280820496e-01
2.676446695611793269e-01
2.795052632400757964e-01
2.911008948784105654e-01
3.024318513359516847e-01
3.134984129257830099e-01
3.243008534213157046e-01
3.348394400631231616e-01
3.451144335656019524e-01
3.551260881234568068e-01
3.648746514180121192e-01
3.743603646233478743e-01
3.835834624122634318e-01
3.925441729620673392e-01
4.012427179601960603e-01
4.096793126096590631e-01
4.178541656343153776e-01
4.257674792839781786e-01
4.334194493393508929e-01
4.408102651167951080e-01
4.479401094729298927e-01
4.548091588090651949e-01
4.614175830754689844e-01
4.677655457754695822e-01
4.738532039693939546e-01
4.796807082783426379e-01
4.852482028878024045e-01
4.905558255510980015e-01
4.956037075926827962e-01
5.003919739112699938e-01
5.049207429828054261e-01
5.091901268632820221e-01
5.132002311913967940e-01
5.169511551910528357e-01
5.204429916737040029e-01
5.236758270405456051e-01
5.266497412845513315e-01
5.293648079923553018e-01
5.318210943459826812e-01
5.340186611244264192e-01
5.359575627050735536e-01
5.376378470649790797e-01
5.390595557819892747e-01
5.402227240357146965e-01
5.411273806083524152e-01
5.417735478853585862e-01
5.421612418559713653e-01
5.422904721135846096e-01
5.421612418559713653e-01
5.417735478853585862e-01
5.411273806083524152e-01
5.402227240357148075e-01
5.390595557819893857e-01
5.376378470649791907e-01
5.359575627050736646e-01
5.340186611244265302e-01
5.318210943459827922e-01
5.293648079923555239e-01
5.266497412845514425e-01
5.236758270405457161e-01
5.204429916737040029e-01
5.169511551910528357e-01
5.132002311913967940e-01
5.091901268632820221e-01
5.049207429828055371e-01
5.003919739112699938e-01
4.956037075926827962e-01
4.905558255510980015e-01
4.852482028878024600e-01
4.796807082783425824e-01
4.738532039693940101e-01
4.677655457754695822e-01
4.614175830754689844e-01
4.548091588090651394e-01
4.479401094729299482e-01
4.408102651167951636e-01
4.334194493393508929e-01
4.257674792839780675e-01
4.178541656343153221e-01
4.096793126096590076e-01
4.012427179601959493e-01
3.925441729620672837e-01
3.835834624122632097e-01
3.743603646233477078e-01
3.648746514180121192e-01
3.551260881234568068e-01
3.451144335656018414e-01
3.348394400631230505e-01
3.243008534213155936e-01
3.134984129257828989e-01
3.024318513359516292e-01
2.911008948784105099e-01
2.795052632400757409e-01
2.676446695611792714e-01
2.555188204280819386e-01
2.431274158659110507e-01
2.304701493310220006e-01
2.175467077032845198e-01
2.043567712781933776e-01
1.909000137588043877e-01
1.771761022474959701e-01
1.631846972375559923e-01
1.489254526045973026e-01
1.343980155977996249e-01
1.196020268309805207e-01
1.045371202734969307e-01
8.920292324097797709e-02
7.359905638588973287e-02
5.772513368793681654e-02
4.158076244429829982e-02
2.516554325970335806e-02
8.479070036347576000e-03
