4.600452021219706977e-01
1.360772223284917315e+00
2.242135963043589086e+00
3.104137077719073545e+00
3.946777597646184965e+00
4.770062023711719057e+00
5.573998620947589799e+00
6.358600837764308622e+00
7.123888787719978133e+00
7.869890738662346230e+00
8.596644561669418039e+00
9.304199099450670474e+00
9.992615420750320609e+00
1.066196793380203722e+01
1.131234533800224717e+01
1.194385139867325663e+01
1.255660553505455823e+01
1.315074321646778976e+01
1.372641616592912328e+01
1.428379237431729543e+01
1.482305593153829371e+01
1.534440668395754237e+01
1.584805972970316468e+01
1.633424476529371461e+01
1.680320529843064037e+01
1.725519774274745544e+01
1.769049041085599328e+01
1.810936242221266568e+01
1.851210254218423401e+01
1.889900796826574592e+01
1.927038307873590739e+01
1.962653815817023428e+01
1.996778811321192393e+01
2.029445119086372529e+01
2.060684771034862095e+01
2.090529881832640768e+01
2.119012527597756090e+01
2.146164628520123330e+01
2.172017835994363111e+01
2.196603424749455513e+01
2.219952190347866150e+01
2.242094352323519502e+01
2.263059463133394900e+01
2.282876323012067132e+01
2.301572900742563377e+01
2.319176260290409886e+01
2.335712493190643357e+01
2.351206656529522121e+01
2.365682716323325607e+01
2.379163496065448058e+01
2.391670630189469193e+01
2.403224522179372968e+01
2.413844307048013604e+01
2.423547817900668022e+01
2.432351556301456696e+01
2.440270666165974944e+01
2.447318910913117307e+01
2.453508653622257540e+01
2.458850839958197554e+01
2.463354983645169227e+01
2.467029154292279358e+01
2.469879967395739939e+01
2.471912576367708425e+01
2.473130666467300642e+01
2.473536450536023068e+01
2.473130666467300642e+01
2.471912576367708425e+01
2.469879967395739939e+01
2.467029154292279358e+01
2.463354983645169227e+01
2.458850839958197554e+01
2.453508653622257540e+01
2.447318910913117307e+01
2.440270666165974944e+01
2.432351556301456696e+01
2.423547817900668377e+01
2.413844307048013960e+01
2.403224522179373324e+01
2.391670630189469193e+01
2.379163496065448058e+01
2.365682716323325963e+01
2.351206656529522476e+01
2.335712493190643713e+01
2.319176260290410241e+01
2.301572900742563377e+01
2.282876323012067132e+01
2.263059463133394544e+01
2.242094352323519502e+01
2.219952190347865795e+01
2.196603424749455513e+01
2.172017835994363111e+01
2.146164628520123330e+01
2.119012527597756090e+01
2.090529881832640768e+01
2.060684771034862095e+01
2.029445119086372529e+01
1.996778811321192038e+01
1.962653815817023428e+01
1.927038307873590739e+01
1.889900796826574592e+01
1.851210254218423046e+01
1.810936242221266923e+01
1.769049041085599683e+01
1.725519774274745544e+01
1.680320529843064037e+01
1.633424476529371461e+01
1.584805972970316468e+01
1.534440668395754770e+01
1.482305593153829903e+01
1.428379237431730076e+01
1.372641616592912861e+01
1.315074321646779154e+01
1.255660553505456001e+01
1.194385139867325840e+01
1.131234533800224540e+01
1.066196793380203545e+01
9.992615420750317057e+00
9.304199099450675803e+00
8.596644561669419815e+00
7.869890738662348895e+00
7.123888787719978133e+00
6.358600837764307734e+00
5.573998620947587135e+00
4.770062023711727051e+00
3.946777597646192071e+00
3.104137077719079318e+00
2.242135963043593083e+00
1.360772223284919757e+00
4.600452021219715304e-01
