1.329618916128654307e-02
3.946811494464225190e-02
6.521997251898990766e-02
9.055214003081497876e-02
1.154649894499351209e-01
1.399588865764990198e-01
1.640341910479132526e-01
1.876912563456833161e-01
2.109304298021559554e-01
2.337520526071507898e-01
2.561564598144713267e-01
2.781439803482833595e-01
2.997149370093546983e-01
3.208696464811451321e-01
3.416084193357423748e-01
3.619315600396345589e-01
3.818393669593171946e-01
4.013321323667267126e-01
4.204101424444990354e-01
4.390736772910496244e-01
4.573230109254708409e-01
4.751584112922477288e-01
4.925801402657888906e-01
5.095884536547740096e-01
5.261836012063152435e-01
5.423658266099378178e-01
5.581353675013756011e-01
5.734924554661897655e-01
5.884373160432059269e-01
6.029701687277790878e-01
6.170912269748846102e-01
6.308006982020416542e-01
6.440987837920710835e-01
6.569856790956939419e-01
6.694615734339727231e-01
6.815266501006025379e-01
6.931810863640548437e-01
7.044250534695802868e-01
7.152587166410757646e-01
7.256822350828202595e-01
7.356957619810855498e-01
7.452994445056281281e-01
7.544934238110659885e-01
7.632778350381473897e-01
7.716528073149174771e-01
7.796184637577858734e-01
7.871749214725045629e-01
7.943222915550572916e-01
8.010606790924690301e-01
8.073901831635397208e-01
8.133108968395055260e-01
8.188229071846351292e-01
8.239262952567641962e-01
8.286211361077722160e-01
8.329074987840067168e-01
8.367854463266587439e-01
8.402550357720913743e-01
8.433163181521289298e-01
8.459693384943048899e-01
8.482141358220744998e-01
8.500507431549945148e-01
8.514791875088710826e-01
8.524994898958779821e-01
8.531116653246469950e-01
8.533157228003321881e-01
8.531116653246471060e-01
8.524994898958779821e-01
8.514791875088710826e-01
8.500507431549944037e-01
8.482141358220743887e-01
8.459693384943048899e-01
8.433163181521289298e-01
8.402550357720913743e-01
8.367854463266586329e-01
8.329074987840067168e-01
8.286211361077722160e-01
8.239262952567641962e-01
8.188229071846351292e-01
8.133108968395055260e-01
8.073901831635397208e-01
8.010606790924690301e-01
7.943222915550572916e-01
7.871749214725045629e-01
7.796184637577859844e-01
7.716528073149173661e-01
7.632778350381473897e-01
7.544934238110658775e-01
7.452994445056281281e-01
7.356957619810856608e-01
7.256822350828202595e-01
7.152587166410758757e-01
7.044250534695803978e-01
6.931810863640548437e-01
6.815266501006024269e-01
6.694615734339726121e-01
6.569856790956938308e-01
6.440987837920709724e-01
6.308006982020415432e-01
6.170912269748846102e-01
6.029701687277789768e-01
5.884373160432057048e-01
5.734924554661897655e-01
5.581353675013754900e-01
5.423658266099377068e-01
5.261836012063151324e-01
5.095884536547738985e-01
4.925801402657887795e-01
4.751584112922476733e-01
4.573230109254708409e-01
4.390736772910496244e-01
4.204101424444989799e-01
4.013321323667265461e-01
3.818393669593170836e-01
3.619315600396344479e-01
3.416084193357421528e-01
3.208696464811449656e-01
2.997149370093544207e-01
2.781439803482834150e-01
2.561564598144713267e-01
2.337520526071508731e-01
2.109304298021559276e-01
1.876912563456832883e-01
1.640341910479131970e-01
1.399588865764992418e-01
1.154649894499353013e-01
9.055214003081513141e-02
6.521997251899000481e-02
3.946811494464231435e-02
1.329618916128656389e-02
