7.933091271234893327e-01
2.334839207464694422e+00
3.831281994931977852e+00
5.282643070509093874e+00
6.688939359191604872e+00
8.050207609850202672e+00
9.366513862949465974e+00
1.063796319129872714e+01
1.186470912449736481e+01
1.304696228578533201e+01
1.418499788040936416e+01
1.527916177682244303e+01
1.632987501530146446e+01
1.733763666208428589e+01
1.830302500015460154e+01
1.922669710978867741e+01
2.010938694264044813e+01
2.095190203251478422e+01
2.175511901442822449e+01
2.251997814175640045e+01
2.324747700015985430e+01
2.393866361771281959e+01
2.459462916451471415e+01
2.521650042338880482e+01
2.580543219740843242e+01
2.636259980121891999e+01
2.688919176261265775e+01
2.738640283959659172e+01
2.785542743713115144e+01
2.829745348751613676e+01
2.871365683958169868e+01
2.910519618478466697e+01
2.947320853324457701e+01
2.981880523979018349e+01
3.014306856923792921e+01
3.044704878131983605e+01
3.073176170879436597e+01
3.099818679714217851e+01
3.124726557067870658e+01
3.147990048770340366e+01
3.169695414624778707e+01
3.189924880188334555e+01
3.208756615972118453e+01
3.226264740400972642e+01
3.242519343046429725e+01
3.257586524851269871e+01
3.271528452290214517e+01
3.284403422649160120e+01
3.296265937847483229e+01
3.307166784468095955e+01
3.317153117893608538e+01
3.326268548670537228e+01
3.334553229434597910e+01
3.342043940927153045e+01
3.348774175814876486e+01
3.354774219191460816e+01
3.360071224791770561e+01
3.364689286085840081e+01
3.368649501543197999e+01
3.371970033468339523e+01
3.374666159906711727e+01
3.376750319208741757e+01
3.378232146918427503e+01
3.379118504724273464e+01
3.379413501275238474e+01
3.379118504724273464e+01
3.378232146918428214e+01
3.376750319208741757e+01
3.374666159906711727e+01
3.371970033468338102e+01
3.368649501543196578e+01
3.364689286085838660e+01
3.360071224791769140e+01
3.354774219191460105e+01
3.348774175814875775e+01
3.342043940927152335e+01
3.334553229434596489e+01
3.326268548670535807e+01
3.317153117893607117e+01
3.307166784468094534e+01
3.296265937847481808e+01
3.284403422649158699e+01
3.271528452290213806e+01
3.257586524851269161e+01
3.242519343046429015e+01
3.226264740400972642e+01
3.208756615972118453e+01
3.189924880188334200e+01
3.169695414624778707e+01
3.147990048770340366e+01
3.124726557067871013e+01
3.099818679714218206e+01
3.073176170879436953e+01
3.044704878131983961e+01
3.014306856923793276e+01
2.981880523979018704e+01
2.947320853324457701e+01
2.910519618478467052e+01
2.871365683958169868e+01
2.829745348751614031e+01
2.785542743713115499e+01
2.738640283959660238e+01
2.688919176261266841e+01
2.636259980121892355e+01
2.580543219740843597e+01
2.521650042338880482e+01
2.459462916451471770e+01
2.393866361771282669e+01
2.324747700015986140e+01
2.251997814175640755e+01
2.175511901442823515e+01
2.095190203251478422e+01
2.010938694264044813e+01
1.922669710978868096e+01
1.830302500015459799e+01
1.733763666208427878e+01
1.632987501530145735e+01
1.527916177682244836e+01
1.418499788040936593e+01
1.304696228578533379e+01
1.186470912449736481e+01
1.063796319129872536e+01
9.366513862949458868e+00
8.050207609850215107e+00
6.688939359191614642e+00
5.282643070509101868e+00
3.831281994931983625e+00
2.334839207464698418e+00
7.933091271234905539e-01
