1.194163391338307761e-02
3.544572260600849928e-02
5.857105111193466884e-02
8.131803161767417465e-02
1.036870695570946271e-01
1.256785636196069977e-01
1.472929057582488821e-01
1.685304811976533756e-01
1.893916684418951724e-01
2.098768392822059903e-01
2.299863588045529816e-01
2.497205853970720368e-01
2.690798707573524573e-01
2.880645598995650869e-01
3.066749911614320423e-01
3.249114962110314364e-01
3.427744000534355129e-01
3.602640210371780283e-01
3.773806708605487170e-01
3.941246545777135624e-01
4.104962706046580423e-01
4.264958107249531283e-01
4.421235600953433709e-01
4.573797972511575161e-01
4.722647941115393766e-01
4.867788159845025664e-01
5.009221215718080433e-01
5.146949629736664589e-01
5.280975856932661472e-01
5.411302286411291407e-01
5.537931241392968218e-01
5.660864979253488194e-01
5.780105691562540393e-01
5.895655504120620449e-01
6.007516476994315680e-01
6.115690604550050313e-01
6.220179815486269748e-01
6.320985972864130442e-01
6.418110874136726540e-01
6.511556251176855437e-01
6.601323770303412219e-01
6.687415032306391893e-01
6.769831572470571546e-01
6.848574860597899105e-01
6.923646301028610894e-01
6.995047232661133485e-01
7.062778928970790959e-01
7.126842598027350872e-01
7.187239382511454444e-01
7.243970359729950959e-01
7.297036541630174122e-01
7.346438874813187025e-01
7.392178240546029011e-01
7.434255454772988880e-01
7.472671268125934407e-01
7.507426365933713708e-01
7.538521368230670650e-01
7.565956829764270974e-01
7.589733240001875769e-01
7.609851023136678938e-01
7.626310538092818669e-01
7.639112078529673999e-01
7.648255872845370895e-01
7.653742084179493421e-01
7.655570810415024408e-01
7.653742084179493421e-01
7.648255872845370895e-01
7.639112078529673999e-01
7.626310538092819780e-01
7.609851023136680048e-01
7.589733240001875769e-01
7.565956829764270974e-01
7.538521368230671760e-01
7.507426365933714818e-01
7.472671268125934407e-01
7.434255454772991101e-01
7.392178240546031232e-01
7.346438874813189246e-01
7.297036541630176343e-01
7.243970359729953179e-01
7.187239382511457775e-01
7.126842598027354203e-01
7.062778928970794290e-01
6.995047232661136816e-01
6.923646301028614225e-01
6.848574860597901326e-01
6.769831572470573766e-01
6.687415032306393003e-01
6.601323770303413330e-01
6.511556251176857657e-01
6.418110874136727650e-01
6.320985972864133773e-01
6.220179815486271968e-01
6.115690604550052534e-01
6.007516476994317900e-01
5.895655504120621559e-01
5.780105691562542614e-01
5.660864979253489304e-01
5.537931241392969328e-01
5.411302286411291407e-01
5.280975856932661472e-01
5.146949629736665699e-01
5.009221215718080433e-01
4.867788159845025664e-01
4.722647941115393766e-01
4.573797972511575716e-01
4.421235600953434264e-01
4.264958107249532393e-01
4.104962706046582088e-01
3.941246545777137289e-01
3.773806708605488280e-01
3.602640210371780283e-01
3.427744000534355129e-01
3.249114962110313809e-01
3.066749911614319868e-01
2.880645598995649759e-01
2.690798707573522908e-01
2.497205853970721756e-01
2.299863588045530371e-01
2.098768392822060180e-01
1.893916684418951168e-01
1.685304811976533479e-01
1.472929057582487988e-01
1.256785636196071920e-01
1.036870695570947798e-01
8.131803161767431343e-02
5.857105111193476599e-02
3.544572260600856173e-02
1.194163391338309843e-02
