2.413105073295186004e-02
7.165895640091249352e-02
1.184520090100940060e-01
1.645095613261102485e-01
2.098309761679957863e-01
2.544156264352169794e-01
2.982628951345822621e-01
3.413721754069168335e-01
3.837428705533726947e-01
4.253743940612543240e-01
4.662661696292458302e-01
5.064176311919326157e-01
5.458282229435225119e-01
5.844973993606719098e-01
6.224246252243410549e-01
6.596093756405986275e-01
6.960511360603163222e-01
7.317494022976920309e-01
7.667036805475557770e-01
8.009134874014184335e-01
8.343783498622271422e-01
8.670978053578073386e-01
8.990714017529735091e-01
9.302986973602994647e-01
9.607792609495444669e-01
9.905126717557455329e-01
1.019498519485984911e+00
1.047736404324851822e+00
1.075225936938625226e+00
1.101966738478208363e+00
1.127958440580851596e+00
1.153200685370706857e+00
1.177693125458257883e+00
1.201435423938683300e+00
1.224427254389203634e+00
1.246668300865473311e+00
1.268158257897081809e+00
1.288896830482228806e+00
1.308883734081643935e+00
1.328118694611818418e+00
1.346601448437625415e+00
1.364331742364401023e+00
1.381309333629561653e+00
1.397533989893833262e+00
1.413005489232169065e+00
1.427723620124431214e+00
1.441688181445912154e+00
1.454898982457771384e+00
1.467355842797456900e+00
1.479058592469189914e+00
1.490007071834575925e+00
1.500201131603414950e+00
1.509640632824773121e+00
1.518325446878379337e+00
1.526255455466406730e+00
1.533430550605693554e+00
1.539850634620458125e+00
1.545515620135553769e+00
1.550425430070312638e+00
1.554579997633012578e+00
1.557979266316010802e+00
1.560623189891568785e+00
1.562511732408401910e+00
1.563644868188970083e+00
1.564022581827531733e+00
1.563644868188970083e+00
1.562511732408401910e+00
1.560623189891568785e+00
1.557979266316010580e+00
1.554579997633012578e+00
1.550425430070312860e+00
1.545515620135553991e+00
1.539850634620458125e+00
1.533430550605693554e+00
1.526255455466406952e+00
1.518325446878379781e+00
1.509640632824773343e+00
1.500201131603415172e+00
1.490007071834575925e+00
1.479058592469189914e+00
1.467355842797456900e+00
1.454898982457771384e+00
1.441688181445912376e+00
1.427723620124430992e+00
1.413005489232168843e+00
1.397533989893833484e+00
1.381309333629561653e+00
1.364331742364400801e+00
1.346601448437625193e+00
1.328118694611818196e+00
1.308883734081643713e+00
1.288896830482229028e+00
1.268158257897081587e+00
1.246668300865473089e+00
1.224427254389203412e+00
1.201435423938683078e+00
1.177693125458257661e+00
1.153200685370706635e+00
1.127958440580851374e+00
1.101966738478207919e+00
1.075225936938624782e+00
1.047736404324851600e+00
1.019498519485984911e+00
9.905126717557453109e-01
9.607792609495442449e-01
9.302986973602993537e-01
8.990714017529733981e-01
8.670978053578074496e-01
8.343783498622272532e-01
8.009134874014186556e-01
7.667036805475558880e-01
7.317494022976919199e-01
6.960511360603163222e-01
6.596093756405986275e-01
6.224246252243409439e-01
5.844973993606716878e-01
5.458282229435221788e-01
5.064176311919328377e-01
4.662661696292458857e-01
4.253743940612543795e-01
3.837428705533726392e-01
3.413721754069167225e-01
2.982628951345820956e-01
2.544156264352172570e-01
2.098309761679960916e-01
1.645095613261104706e-01
1.184520090100941864e-01
7.165895640091260455e-02
2.413105073295189473e-02
