5.264049151211364769e-02
1.564886914897712644e-01
2.588949182181150555e-01
3.598501075801257554e-01
4.593453227291685037e-01
5.573717552691974664e-01
6.539207264279204290e-01
7.489836882202292045e-01
8.425522245991264869e-01
9.346180525913304615e-01
1.025173023414734486e+00
1.114209123574899429e+00
1.201718475937817221e+00
1.287693340776229434e+00
1.372126116786902994e+00
1.455009342076349022e+00
1.536335695112630795e+00
1.616097995641040841e+00
1.694289205561600786e+00
1.770902429766525898e+00
1.845930916935976329e+00
1.919368060290638889e+00
1.991207398299890130e+00
2.061442615344510898e+00
2.130067542333148545e+00
2.197076157271966590e+00
2.262462585787132774e+00
2.326221101600049135e+00
2.388346126955435800e+00
2.448832233002636194e+00
2.507674140130707219e+00
2.564866718258093314e+00
2.620404987077886272e+00
2.674284116259875610e+00
2.726499425610790173e+00
2.777046385194307465e+00
2.825920615412582215e+00
2.873117887051202413e+00
2.918634121289625405e+00
2.962465389679277195e+00
3.004607914091613541e+00
3.045058066638547167e+00
3.083812369567722200e+00
3.120867495135195124e+00
3.156220265458132612e+00
3.189867652350171667e+00
3.221806777142112388e+00
3.252034910490618991e+00
3.280549472177586967e+00
3.307348030902822256e+00
3.332428304072617919e+00
3.355788157586769405e+00
3.377425605626493077e+00
3.397338810445627022e+00
3.415526082167388289e+00
3.431985878588856398e+00
3.446716804995221484e+00
3.459717613985699103e+00
3.470987205312861423e+00
3.480524625736996391e+00
3.488329068896911522e+00
3.494399875198446193e+00
3.498736531721764464e+00
3.501338672148325504e+00
3.502206076708210603e+00
3.501338672148325504e+00
3.498736531721764464e+00
3.494399875198446193e+00
3.488329068896911078e+00
3.480524625736995947e+00
3.470987205312860535e+00
3.459717613985698215e+00
3.446716804995220595e+00
3.431985878588855510e+00
3.415526082167387401e+00
3.397338810445626578e+00
3.377425605626492633e+00
3.355788157586768961e+00
3.332428304072617475e+00
3.307348030902821812e+00
3.280549472177586079e+00
3.252034910490618547e+00
3.221806777142111944e+00
3.189867652350171223e+00
3.156220265458132168e+00
3.120867495135195124e+00
3.083812369567722200e+00
3.045058066638547167e+00
3.004607914091613097e+00
2.962465389679277195e+00
2.918634121289625405e+00
2.873117887051202857e+00
2.825920615412581771e+00
2.777046385194307021e+00
2.726499425610789284e+00
2.674284116259874278e+00
2.620404987077885384e+00
2.564866718258092426e+00
2.507674140130706331e+00
2.448832233002634862e+00
2.388346126955434467e+00
2.326221101600048247e+00
2.262462585787131886e+00
2.197076157271965258e+00
2.130067542333147212e+00
2.061442615344510010e+00
1.991207398299889242e+00
1.919368060290638223e+00
1.845930916935975663e+00
1.770902429766525454e+00
1.694289205561600120e+00
1.616097995641039953e+00
1.536335695112629907e+00
1.455009342076348133e+00
1.372126116786902106e+00
1.287693340776228546e+00
1.201718475937815889e+00
1.114209123574899429e+00
1.025173023414734041e+00
9.346180525913301285e-01
8.425522245991258208e-01
7.489836882202285384e-01
6.539207264279196519e-01
5.573717552691981325e-01
4.593453227291690033e-01
3.598501075801261440e-01
2.588949182181153330e-01
1.564886914897714032e-01
5.264049151211371014e-02
