1.610356844372955010e+00
4.770336117295526535e+00
7.849902267057707661e+00
1.083042597302713972e+01
1.369487957440966674e+01
1.642836231218132426e+01
1.901855621887406755e+01
2.145606452072261305e+01
2.373459371622879388e+01
2.585096123597053719e+01
2.780493551803479235e+01
2.959893703386416064e+01
3.123764237389391951e+01
3.272753755983462298e+01
3.407646279837628356e+01
3.529318193129199699e+01
3.638699899862649545e+01
3.736743401494401695e+01
3.824396165218321642e+01
3.902581051981995586e+01
3.972181701987384628e+01
4.034032590437333710e+01
4.088912915799183878e+01
4.137543518963081368e+01
4.180586116198183078e+01
4.218644234432505158e+01
4.252265346342203145e+01
4.281943804664394548e+01
4.308124264873106313e+01
4.331205361077937255e+01
4.351543461918760869e+01
4.369456382596103339e+01
4.385226967709001400e+01
4.399106489075629156e+01
4.411317824886867101e+01
4.422058402890657902e+01
4.431502902097451368e+01
4.439805715781282913e+01
4.447103184170309476e+01
4.453515608842931073e+01
4.459149062992860735e+01
4.464097012801676101e+01
4.468441765468421778e+01
4.472255759225755156e+01
4.475602710095136416e+01
4.478538629328993181e+01
4.481112724549782911e+01
4.483368196592558519e+01
4.485342943036869201e+01
4.487070178408686161e+01
4.488578980065286572e+01
4.489894767859459535e+01
4.491039724821585111e+01
4.492033165302508735e+01
4.492891856287111096e+01
4.493630296916175837e+01
4.494260960639633851e+01
4.494794503863214175e+01
4.495239944438638702e+01
4.495604812879642509e+01
4.495895278757456026e+01
4.496116254334890527e+01
4.496271477132942351e+01
4.496363572783081253e+01
4.496394099197389949e+01
4.496363572783081253e+01
4.496271477132942351e+01
4.496116254334890527e+01
4.495895278757456026e+01
4.495604812879642509e+01
4.495239944438638702e+01
4.494794503863214175e+01
4.494260960639633851e+01
4.493630296916175837e+01
4.492891856287111096e+01
4.492033165302508735e+01
4.491039724821585111e+01
4.489894767859459535e+01
4.488578980065286572e+01
4.487070178408686871e+01
4.485342943036869201e+01
4.483368196592558519e+01
4.481112724549782911e+01
4.478538629328993181e+01
4.475602710095136416e+01
4.472255759225755156e+01
4.468441765468422489e+01
4.464097012801676101e+01
4.459149062992860735e+01
4.453515608842931073e+01
4.447103184170309476e+01
4.439805715781282913e+01
4.431502902097450658e+01
4.422058402890657902e+01
4.411317824886867101e+01
4.399106489075629156e+01
4.385226967709000689e+01
4.369456382596102628e+01
4.351543461918760158e+01
4.331205361077937255e+01
4.308124264873105602e+01
4.281943804664394548e+01
4.252265346342203145e+01
4.218644234432505158e+01
4.180586116198183788e+01
4.137543518963081368e+01
4.088912915799183878e+01
4.034032590437333710e+01
3.972181701987385338e+01
3.902581051981996296e+01
3.824396165218322352e+01
3.736743401494400985e+01
3.638699899862649545e+01
3.529318193129198988e+01
3.407646279837626935e+01
3.272753755983460877e+01
3.123764237389389820e+01
2.959893703386416419e+01
2.780493551803478880e+01
2.585096123597053364e+01
2.373459371622878677e+01
2.145606452072260240e+01
1.901855621887405690e+01
1.642836231218134913e+01
1.369487957440968628e+01
1.083042597302715748e+01
7.849902267057720096e+00
4.770336117295534528e+00
1.610356844372957674e+00
