2.582799136046694255e-02
7.668301209057473700e-02
1.267370708308819816e-01
1.759901675881016259e-01
2.244423023833051201e-01
2.720934752639138088e-01
3.189436863183714999e-01
3.649929356929083046e-01
4.102412236098525455e-01
4.546885503869929623e-01
4.983349164575355816e-01
5.411803223902402760e-01
5.832247689093676968e-01
6.244682569140930228e-01
6.649107874970937582e-01
7.045523619620397415e-01
7.433929818397589928e-01
7.814326489028712297e-01
8.186713651787231871e-01
8.551091329604791902e-01
8.907459548162487417e-01
9.255818335961647492e-01
9.596167724373368957e-01
9.928507747666419636e-01
1.025283844301319025e+00
1.056915985047370166e+00
1.087747201295776511e+00
1.117777497616560423e+00
1.147006878850737488e+00
1.175435350100221266e+00
1.203062916715752717e+00
1.229889584282938486e+00
1.255915358606494614e+00
1.281140245692804269e+00
1.305564251730898517e+00
1.329187383071990025e+00
1.352009646207683380e+00
1.374031047746996359e+00
1.395251594392337591e+00
1.415671292914577384e+00
1.435290150127362718e+00
1.454108172860822279e+00
1.472125367934812967e+00
1.489341742131855995e+00
1.505757302169916212e+00
1.521372054675168117e+00
1.536186006154903083e+00
1.550199162970712141e+00
1.563411531312101088e+00
1.575823117170658261e+00
1.587433926314924859e+00
1.598243964266086836e+00
1.608253236274616915e+00
1.617461747297983088e+00
1.625869501979535725e+00
1.633476504628681880e+00
1.640282759202438490e+00
1.646288269288461947e+00
1.651493038089635101e+00
1.655897068410284501e+00
1.659500362644101168e+00
1.662302922763814195e+00
1.664304750312678438e+00
1.665505846397807410e+00
1.665906211685389327e+00
1.665505846397807410e+00
1.664304750312678438e+00
1.662302922763814195e+00
1.659500362644101168e+00
1.655897068410284945e+00
1.651493038089635101e+00
1.646288269288462169e+00
1.640282759202438490e+00
1.633476504628682102e+00
1.625869501979535947e+00
1.617461747297983310e+00
1.608253236274617359e+00
1.598243964266087280e+00
1.587433926314925081e+00
1.575823117170658483e+00
1.563411531312101310e+00
1.550199162970712363e+00
1.536186006154903083e+00
1.521372054675168561e+00
1.505757302169916434e+00
1.489341742131856661e+00
1.472125367934813189e+00
1.454108172860822723e+00
1.435290150127362940e+00
1.415671292914577606e+00
1.395251594392338035e+00
1.374031047746997025e+00
1.352009646207684046e+00
1.329187383071990691e+00
1.305564251730898517e+00
1.281140245692804269e+00
1.255915358606494614e+00
1.229889584282938264e+00
1.203062916715752717e+00
1.175435350100221266e+00
1.147006878850737266e+00
1.117777497616560645e+00
1.087747201295776511e+00
1.056915985047369944e+00
1.025283844301318581e+00
9.928507747666417416e-01
9.596167724373365626e-01
9.255818335961646381e-01
8.907459548162487417e-01
8.551091329604789681e-01
8.186713651787230761e-01
7.814326489028708966e-01
7.433929818397586597e-01
7.045523619620394085e-01
6.649107874970933141e-01
6.244682569140926898e-01
5.832247689093673637e-01
5.411803223902404980e-01
4.983349164575355816e-01
4.546885503869931289e-01
4.102412236098525455e-01
3.649929356929081936e-01
3.189436863183713333e-01
2.720934752639142529e-01
2.244423023833054809e-01
1.759901675881018757e-01
1.267370708308821758e-01
7.668301209057484802e-02
2.582799136046698418e-02
