2.228023395988227018e-01
6.644020243237952483e-01
1.101827303062305807e+00
1.534910362721740418e+00
1.963485148940095515e+00
2.387387536860904991e+00
2.806455512928043738e+00
3.220529367793210085e+00
3.629451899981418261e+00
4.033068629534012572e+00
4.431228020451452032e+00
4.823781710395644851e+00
5.210584745789615724e+00
5.591495820175143905e+00
5.966377513460889404e+00
6.335096529516706987e+00
6.697523929446599134e+00
7.053535357803285777e+00
7.403011258991846866e+00
7.745837081146541792e+00
8.081903464851778907e+00
8.411106414212015991e+00
8.733347447952073850e+00
9.048533728444406066e+00
9.356578166808048991e+00
9.657399502499705690e+00
9.950922356114457301e+00
1.023707725442646144e+01
1.051580062702194951e+01
1.078703477420247658e+01
1.105072780615963879e+01
1.130683355373831134e+01
1.155531145140879090e+01
1.179612639335492297e+01
1.202924856385153163e+01
1.225465324334720485e+01
1.247232059188538500e+01
1.268223541168588042e+01
1.288438689086953559e+01
1.307876833044000797e+01
1.326537685673897826e+01
1.344421312166490878e+01
1.361528099299195027e+01
1.377858723714634337e+01
1.393414119679417240e+01
1.408195446556902297e+01
1.422204056222304125e+01
1.435441460642225664e+01
1.447909299832962482e+01
1.459609310402901450e+01
1.470543294874289408e+01
1.480713091968780937e+01
1.490120548029707237e+01
1.498767489742112602e+01
1.506655698299462109e+01
1.513786885153672124e+01
1.520162669472875727e+01
1.525784557419219922e+01
1.530653923347065870e+01
1.534771993010283886e+01
1.538139828855952018e+01
1.540758317470676531e+01
1.542628159234958396e+01
1.543749860230525961e+01
1.544123726435291211e+01
1.543749860230525961e+01
1.542628159234958396e+01
1.540758317470676708e+01
1.538139828855952018e+01
1.534771993010283886e+01
1.530653923347065870e+01
1.525784557419219745e+01
1.520162669472875550e+01
1.513786885153672301e+01
1.506655698299462109e+01
1.498767489742112424e+01
1.490120548029707059e+01
1.480713091968780759e+01
1.470543294874289231e+01
1.459609310402901272e+01
1.447909299832962304e+01
1.435441460642225486e+01
1.422204056222303947e+01
1.408195446556902120e+01
1.393414119679416707e+01
1.377858723714634159e+01
1.361528099299194849e+01
1.344421312166490701e+01
1.326537685673897649e+01
1.307876833044000620e+01
1.288438689086953381e+01
1.268223541168588220e+01
1.247232059188538322e+01
1.225465324334720485e+01
1.202924856385152985e+01
1.179612639335492119e+01
1.155531145140878913e+01
1.130683355373830956e+01
1.105072780615963701e+01
1.078703477420247303e+01
1.051580062702194596e+01
1.023707725442646144e+01
9.950922356114457301e+00
9.657399502499705690e+00
9.356578166808047214e+00
9.048533728444402513e+00
8.733347447952073850e+00
8.411106414212017768e+00
8.081903464851780683e+00
7.745837081146543568e+00
7.403011258991848642e+00
7.053535357803284889e+00
6.697523929446598245e+00
6.335096529516706987e+00
5.966377513460888515e+00
5.591495820175143017e+00
5.210584745789612171e+00
4.823781710395646627e+00
4.431228020451452032e+00
4.033068629534013461e+00
3.629451899981417817e+00
3.220529367793209197e+00
2.806455512928041962e+00
2.387387536860908543e+00
1.963485148940098401e+00
1.534910362721742416e+00
1.101827303062307362e+00
6.644020243237962475e-01
2.228023395988230348e-01
