1.762971645429005363e-01
5.255374847377982661e-01
8.713160169015038425e-01
1.213526035332812780e+00
1.552061939024043768e+00
1.886819326251046203e+00
2.217695072578439675e+00
2.544587412225456813e+00
2.867396022609812523e+00
3.186022111766905862e+00
3.500368508230844444e+00
3.810339752863414642e+00
4.115842192028451585e+00
4.416784071432742209e+00
4.713075629891583240e+00
5.004629192227668000e+00
5.291359260476602877e+00
5.573182602550958542e+00
5.850018337507399302e+00
6.121788016567686341e+00
6.388415699063792808e+00
6.649828022509324477e+00
6.905954266043108802e+00
7.156726406545161900e+00
7.402079166789335751e+00
7.641950055069446357e+00
7.876279395815406481e+00
8.105010350801554964e+00
8.328088930639511389e+00
8.545463996341283064e+00
8.757087250833592407e+00
8.962913220400098524e+00
9.162899226123276009e+00
9.357005345490819082e+00
9.545194364421609734e+00
9.727431720052358344e+00
9.903685434707373503e+00
1.007392604154938276e+01
1.023812650247871403e+01
1.039626211891047980e+01
1.054831043611467578e+01
1.069425114185174586e+01
1.083406596007609579e+01
1.096773854051230224e+01
1.109525434493322926e+01
1.121660053098615784e+01
1.133176583442260998e+01
1.144074045058986222e+01
1.154351591603789906e+01
1.164008499108476791e+01
1.173044154416656859e+01
1.181458043877605135e+01
1.189249742376649976e+01
1.196418902776556337e+01
1.202965245840753994e+01
1.208888550705279563e+01
1.214188645961973556e+01
1.218865401410872984e+01
1.222918720534872250e+01
1.226348533744653047e+01
1.229154792436616184e+01
1.231337463901140161e+01
1.232896527112940177e+01
1.233831969429657605e+01
1.234143784219087969e+01
1.233831969429657605e+01
1.232896527112940177e+01
1.231337463901140161e+01
1.229154792436616006e+01
1.226348533744652869e+01
1.222918720534872072e+01
1.218865401410872806e+01
1.214188645961973378e+01
1.208888550705279386e+01
1.202965245840753816e+01
1.196418902776556159e+01
1.189249742376649621e+01
1.181458043877604780e+01
1.173044154416656681e+01
1.164008499108476435e+01
1.154351591603789551e+01
1.144074045058985867e+01
1.133176583442260821e+01
1.121660053098615428e+01
1.109525434493322393e+01
1.096773854051230046e+01
1.083406596007609224e+01
1.069425114185174053e+01
1.054831043611467045e+01
1.039626211891047447e+01
1.023812650247871048e+01
1.007392604154938098e+01
9.903685434707369950e+00
9.727431720052356567e+00
9.545194364421606181e+00
9.357005345490815529e+00
9.162899226123272456e+00
8.962913220400094971e+00
8.757087250833587078e+00
8.545463996341279511e+00
8.328088930639507836e+00
8.105010350801554964e+00
7.876279395815405593e+00
7.641950055069444581e+00
7.402079166789333975e+00
7.156726406545160124e+00
6.905954266043107026e+00
6.649828022509324477e+00
6.388415699063792808e+00
6.121788016567686341e+00
5.850018337507399302e+00
5.573182602550958542e+00
5.291359260476601989e+00
5.004629192227667112e+00
4.713075629891581464e+00
4.416784071432741321e+00
4.115842192028448920e+00
3.810339752863415974e+00
3.500368508230844888e+00
3.186022111766906306e+00
2.867396022609811634e+00
2.544587412225456369e+00
2.217695072578438342e+00
1.886819326251049311e+00
1.552061939024046211e+00
1.213526035332815001e+00
8.713160169015053969e-01
5.255374847377992653e-01
1.762971645429008138e-01
