2.602456194085516206e-01
7.761376457971569387e-01
1.287197224599856860e+00
1.793193333804906642e+00
2.293897448330880717e+00
2.789083845405828654e+00
3.278529932974847405e+00
3.762016601510711489e+00
4.239328598567516870e+00
4.710254924428634915e+00
5.174589246277736088e+00
5.632130327483324983e+00
6.082682467849313213e+00
6.526055950059744148e+00
6.962067487045830561e+00
7.390540664635132373e+00
7.811306373610674925e+00
8.224203225212814772e+00
8.629077944156898994e+00
9.025785733409771083e+00
9.414190605259863176e+00
9.794165673618522305e+00
1.016559340299094671e+01
1.052836581013936090e+01
1.088238461511248545e+01
1.122756133901713582e+01
1.156381734664254601e+01
1.189108383279865500e+01
1.220930175197968381e+01
1.251842169169808017e+01
1.281840369053740325e+01
1.310921700263338963e+01
1.339083981089958719e+01
1.366325889185930187e+01
1.392646923542225856e+01
1.418047362334847783e+01
1.442528217047080830e+01
1.466091183300091672e+01
1.488738588842308452e+01
1.510473339158816231e+01
1.531298861166146530e+01
1.551219045455793299e+01
1.570238187542208053e+01
1.588360928558571139e+01
1.605592195827000168e+01
1.621937143709785545e+01
1.637401095125429507e+01
1.651989484088400673e+01
1.665707799605284833e+01
1.678561531232952220e+01
1.690556116577120704e+01
1.701696890982644916e+01
1.711989039640520360e+01
1.721437552311232011e+01
1.730047180840044163e+01
1.737822399617264324e+01
1.744767369115649913e+01
1.750885902617963552e+01
1.756181436230330561e+01
1.760657002261437398e+01
1.764315206033692718e+01
1.767158206180137370e+01
1.769187698470004122e+01
1.770404903196203605e+01
1.770810556149468340e+01
1.770404903196203605e+01
1.769187698470004122e+01
1.767158206180137370e+01
1.764315206033692363e+01
1.760657002261436688e+01
1.756181436230329496e+01
1.750885902617962486e+01
1.744767369115648847e+01
1.737822399617263258e+01
1.730047180840043097e+01
1.721437552311231656e+01
1.711989039640520005e+01
1.701696890982644916e+01
1.690556116577120349e+01
1.678561531232952220e+01
1.665707799605284478e+01
1.651989484088400673e+01
1.637401095125429151e+01
1.621937143709785190e+01
1.605592195826999813e+01
1.588360928558570961e+01
1.570238187542207875e+01
1.551219045455793122e+01
1.531298861166146530e+01
1.510473339158816053e+01
1.488738588842308452e+01
1.466091183300092027e+01
1.442528217047081007e+01
1.418047362334847961e+01
1.392646923542225501e+01
1.366325889185930009e+01
1.339083981089958364e+01
1.310921700263338607e+01
1.281840369053740147e+01
1.251842169169807661e+01
1.220930175197967849e+01
1.189108383279865500e+01
1.156381734664254601e+01
1.122756133901713405e+01
1.088238461511248190e+01
1.052836581013935913e+01
1.016559340299094494e+01
9.794165673618524082e+00
9.414190605259863176e+00
9.025785733409772860e+00
8.629077944156900770e+00
8.224203225212812995e+00
7.811306373610673148e+00
7.390540664635130597e+00
6.962067487045827896e+00
6.526055950059741484e+00
6.082682467849308772e+00
5.632130327483326759e+00
5.174589246277736976e+00
4.710254924428635803e+00
4.239328598567515982e+00
3.762016601510709268e+00
3.278529932974844741e+00
2.789083845405832651e+00
2.293897448330883826e+00
1.793193333804909084e+00
1.287197224599858858e+00
7.761376457971580489e-01
2.602456194085520091e-01
