4.654524329895729645e-02
1.383384792899991778e-01
2.288277213603605587e-01
3.180063209168895177e-01
4.058677248136033366e-01
4.924054760746748860e-01
5.776132146122384681e-01
6.614846779373271257e-01
7.440137018622354770e-01
8.251942211926023285e-01
9.050202704075241966e-01
9.834859843260371770e-01
1.060585598758358783e+00
1.136313451140325004e+00
1.210663981149544099e+00
1.283631731301849044e+00
1.355211347526745103e+00
1.425397579720619978e+00
1.494185282276614402e+00
1.561569414590152860e+00
1.627545041539246284e+00
1.692107333938819291e+00
1.755251568968425380e+00
1.816973130572851369e+00
1.877267509835235382e+00
1.936130305322468326e+00
1.993557223402763867e+00
2.049544078535427971e+00
2.104086793532971900e+00
2.157181399795854659e+00
2.208824037520258354e+00
2.259010955879410254e+00
2.307738513179092621e+00
2.355003176988088143e+00
2.400801524244402518e+00
2.445130241338218102e+00
2.487986124172608893e+00
2.529366078203139967e+00
2.569267118457548627e+00
2.607686369536767135e+00
2.644621065598609100e+00
2.680068550325505505e+00
2.714026276877690602e+00
2.746491807833303600e+00
2.777462815116878758e+00
2.806937079917711131e+00
2.834912492599614087e+00
2.861387052603550973e+00
2.886358868344648609e+00
2.909826157105052324e+00
2.931787244924079161e+00
2.952240566487071671e+00
2.971184665014331205e+00
2.988618192151438979e+00
3.004539907862240344e+00
3.018948680325676648e+00
3.031843485837603769e+00
3.043223408718637391e+00
3.053087641229004223e+00
3.061435483491267373e+00
3.068266343421728770e+00
3.073579736671185891e+00
3.077375286575644076e+00
3.079652724117470264e+00
3.080411887897371859e+00
3.079652724117470264e+00
3.077375286575644076e+00
3.073579736671185891e+00
3.068266343421728770e+00
3.061435483491267373e+00
3.053087641229004223e+00
3.043223408718637391e+00
3.031843485837603769e+00
3.018948680325676648e+00
3.004539907862240344e+00
2.988618192151439423e+00
2.971184665014331650e+00
2.952240566487072559e+00
2.931787244924079161e+00
2.909826157105052324e+00
2.886358868344648609e+00
2.861387052603550973e+00
2.834912492599614087e+00
2.806937079917711131e+00
2.777462815116878314e+00
2.746491807833304044e+00
2.714026276877690602e+00
2.680068550325505505e+00
2.644621065598609100e+00
2.607686369536767135e+00
2.569267118457549071e+00
2.529366078203140411e+00
2.487986124172609337e+00
2.445130241338218546e+00
2.400801524244402962e+00
2.355003176988088587e+00
2.307738513179093065e+00
2.259010955879410698e+00
2.208824037520258798e+00
2.157181399795854659e+00
2.104086793532971456e+00
2.049544078535428415e+00
1.993557223402763867e+00
1.936130305322467882e+00
1.877267509835234938e+00
1.816973130572851147e+00
1.755251568968424936e+00
1.692107333938819513e+00
1.627545041539246506e+00
1.561569414590153082e+00
1.494185282276614624e+00
1.425397579720619756e+00
1.355211347526744881e+00
1.283631731301848822e+00
1.210663981149543655e+00
1.136313451140324782e+00
1.060585598758358339e+00
9.834859843260377321e-01
9.050202704075246407e-01
8.251942211926027726e-01
7.440137018622355880e-01
6.614846779373271257e-01
5.776132146122382460e-01
4.924054760746757187e-01
4.058677248136040028e-01
3.180063209168900729e-01
2.288277213603609750e-01
1.383384792899993998e-01
4.654524329895737278e-02
