2.583544393632866698e-02
7.672539261963705337e-02
1.268334603817573292e-01
1.761587197887939937e-01
2.247002577456472527e-01
2.724571755368269677e-01
3.194285888670445606e-01
3.656136279014085000e-01
4.110114373050560155e-01
4.556211762820615019e-01
4.994420186134741479e-01
5.424731526943420423e-01
5.847137815695964136e-01
6.261631229686723810e-01
6.668204093387611886e-01
7.066848878765904507e-01
7.457558205586508615e-01
7.840324841697842162e-01
8.215141703300755660e-01
8.582001855199870022e-01
8.940898511036911023e-01
9.291825033505710651e-01
9.634774934548603342e-01
9.969741875534133824e-01
1.029671966741596334e+00
1.061570227087310858e+00
1.092668379643162657e+00
1.122965850456798753e+00
1.152462080579445214e+00
1.181156526072689505e+00
1.209048658013553323e+00
1.236137962497910969e+00
1.262423940642317888e+00
1.287906108584315756e+00
1.312583997481290954e+00
1.336457153507964124e+00
1.359525137852597210e+00
1.381787526712003000e+00
1.403243911285456447e+00
1.423893897767594785e+00
1.443737107340410608e+00
1.462773176164437139e+00
1.481001755369223849e+00
1.498422511043209893e+00
1.515035124223094609e+00
1.530839290882809456e+00
1.545834721922195287e+00
1.560021143155484014e+00
1.573398295299683669e+00
1.585965933962970364e+00
1.597723829633173498e+00
1.608671767666454366e+00
1.618809548276263444e+00
1.628136986522660479e+00
1.636653912302081348e+00
1.644360170337628047e+00
1.651255620169948868e+00
1.657340136148781173e+00
1.662613607425216244e+00
1.667075937944737074e+00
1.670727046441087271e+00
1.673566866431003941e+00
1.675595346209861169e+00
1.676812448848247428e+00
1.677218152189505096e+00
1.676812448848247428e+00
1.675595346209861169e+00
1.673566866431003941e+00
1.670727046441087271e+00
1.667075937944737074e+00
1.662613607425216244e+00
1.657340136148781173e+00
1.651255620169948868e+00
1.644360170337628269e+00
1.636653912302081570e+00
1.628136986522660479e+00
1.618809548276263444e+00
1.608671767666454366e+00
1.597723829633173276e+00
1.585965933962970142e+00
1.573398295299683669e+00
1.560021143155483569e+00
1.545834721922195065e+00
1.530839290882809234e+00
1.515035124223094165e+00
1.498422511043209893e+00
1.481001755369223849e+00
1.462773176164436917e+00
1.443737107340410386e+00
1.423893897767594563e+00
1.403243911285456447e+00
1.381787526712003444e+00
1.359525137852597432e+00
1.336457153507964568e+00
1.312583997481290954e+00
1.287906108584315756e+00
1.262423940642317888e+00
1.236137962497910969e+00
1.209048658013553323e+00
1.181156526072689283e+00
1.152462080579445214e+00
1.122965850456799419e+00
1.092668379643163323e+00
1.061570227087311080e+00
1.029671966741596556e+00
9.969741875534136044e-01
9.634774934548606673e-01
9.291825033505716203e-01
8.940898511036917684e-01
8.582001855199874463e-01
8.215141703300760101e-01
7.840324841697845493e-01
7.457558205586509725e-01
7.066848878765906727e-01
6.668204093387611886e-01
6.261631229686723810e-01
5.847137815695961915e-01
5.424731526943423754e-01
4.994420186134744255e-01
4.556211762820617794e-01
4.110114373050561265e-01
3.656136279014085555e-01
3.194285888670445051e-01
2.724571755368275228e-01
2.247002577456477246e-01
1.761587197887943268e-01
1.268334603817576067e-01
7.672539261963720603e-02
2.583544393632872249e-02
