4.901593899352368888e-02
1.455267244983216024e-01
2.405164175341725774e-01
3.339850181881476865e-01
4.259325267335508647e-01
5.163589437854344544e-01
6.052642704908760551e-01
6.926485087463609691e-01
7.785116614352194375e-01
8.628537326786556161e-01
9.456747280944648448e-01
1.026974655058069175e+00
1.106753522961024139e+00
1.185011343462627931e+00
1.261748130730752981e+00
1.336963901668446031e+00
1.410658676123291100e+00
1.482832477076917899e+00
1.553485330812436338e+00
1.622617267057941737e+00
1.690228319104567056e+00
1.756318523897911765e+00
1.820887922101957379e+00
1.883936558134891248e+00
1.945464480176507971e+00
2.005471740147143578e+00
2.063958393658297918e+00
2.120924499935350482e+00
2.176370121712956962e+00
2.230295325103913484e+00
2.282700179442442856e+00
2.333584757103010165e+00
2.382949133295920063e+00
2.430793385841076848e+00
2.477117594921392829e+00
2.521921842817444581e+00
2.565206213625041531e+00
2.606970792957464145e+00
2.647215667634189362e+00
2.685940925357940934e+00
2.723146654381990217e+00
2.758832943169608143e+00
2.792999880047619676e+00
2.825647552856004108e+00
2.856776048595476958e+00
2.886385453074984397e+00
2.914475850561014880e+00
2.941047323430591831e+00
2.966099951829793913e+00
2.989633813339570345e+00
3.011648982650596551e+00
3.032145531248830572e+00
3.051123527113369427e+00
3.068583034428132184e+00
3.084524113308819260e+00
3.098946819546494869e+00
3.111851204369072921e+00
3.123237314221877448e+00
3.133105190568342913e+00
3.141454869711836739e+00
3.148286382639463810e+00
3.153599754888602558e+00
3.157395006436829910e+00
3.159672151615748437e+00
3.160431199049142492e+00
3.159672151615748437e+00
3.157395006436829910e+00
3.153599754888602558e+00
3.148286382639463810e+00
3.141454869711836739e+00
3.133105190568342913e+00
3.123237314221877448e+00
3.111851204369072921e+00
3.098946819546494424e+00
3.084524113308819260e+00
3.068583034428132184e+00
3.051123527113368983e+00
3.032145531248830572e+00
3.011648982650596551e+00
2.989633813339570345e+00
2.966099951829793913e+00
2.941047323430591831e+00
2.914475850561014880e+00
2.886385453074984397e+00
2.856776048595476958e+00
2.825647552856004552e+00
2.792999880047619232e+00
2.758832943169607699e+00
2.723146654381989329e+00
2.685940925357940046e+00
2.647215667634188474e+00
2.606970792957464589e+00
2.565206213625041087e+00
2.521921842817444581e+00
2.477117594921392385e+00
2.430793385841075960e+00
2.382949133295919619e+00
2.333584757103009721e+00
2.282700179442442412e+00
2.230295325103912596e+00
2.176370121712956074e+00
2.120924499935350482e+00
2.063958393658297474e+00
2.005471740147142690e+00
1.945464480176507305e+00
1.883936558134890582e+00
1.820887922101956713e+00
1.756318523897911321e+00
1.690228319104566612e+00
1.622617267057941293e+00
1.553485330812435894e+00
1.482832477076917010e+00
1.410658676123290212e+00
1.336963901668445143e+00
1.261748130730751871e+00
1.185011343462626821e+00
1.106753522961022806e+00
1.026974655058069397e+00
9.456747280944647338e-01
8.628537326786556161e-01
7.785116614352193265e-01
6.926485087463608581e-01
6.052642704908757221e-01
5.163589437854352315e-01
4.259325267335515308e-01
3.339850181881481861e-01
2.405164175341729382e-01
1.455267244983218244e-01
4.901593899352377215e-02
