8.582143550081928751e-01
2.523550953516734641e+00
4.137796642755446896e+00
5.700959011980972768e+00
7.213060991596656812e+00
8.674152176818886062e+00
1.008432133204758330e+01
1.144370908524902752e+01
1.275252000788678153e+01
1.401103345043066284e+01
1.521961266572578353e+01
1.637871190149044764e+01
1.748888127763644462e+01
1.855076938265307263e+01
1.956512362486804690e+01
2.053278845829053267e+01
2.145470166876959794e+01
2.233188895474500058e+01
2.316545706886451583e+01
2.395658580361889634e+01
2.470651910771720239e+01
2.541655561227113580e+01
2.608803882918832784e+01
2.672234726071340916e+01
2.732088463092381048e+01
2.788507041912228956e+01
2.841633084316187308e+01
2.891609040920265628e+01
2.938576411435074576e+01
2.982675036089733567e+01
3.024042461602325105e+01
3.062813382918856675e+01
3.099119160111547444e+01
3.133087408326289847e+01
3.164841657482782011e+01
3.194501077534862787e+01
3.222180264463055011e+01
3.247989081763396513e+01
3.272032551982461257e+01
3.294410792794914755e+01
3.315218992195863024e+01
3.334547417557013205e+01
3.352481453547785861e+01
3.369101664228058723e+01
3.384483874959111205e+01
3.398699270138265405e+01
3.411814503127823883e+01
3.423891815110343373e+01
3.434989159952406368e+01
3.445160332492246624e+01
3.454455097979044353e+01
3.462919320680881441e+01
3.470595089943058298e+01
3.477520842218206099e+01
3.483731477804836629e+01
3.489258471222402846e+01
3.494129974320004806e+01
3.498370911363925018e+01
3.502003065478149324e+01
3.505045155923593825e+01
3.507512905797874225e+01
3.509419099820099319e+01
3.510773631936093864e+01
3.511583542540713410e+01
3.511853045167199383e+01
3.511583542540713410e+01
3.510773631936093864e+01
3.509419099820099319e+01
3.507512905797874225e+01
3.505045155923593825e+01
3.502003065478150035e+01
3.498370911363925018e+01
3.494129974320004806e+01
3.489258471222403557e+01
3.483731477804836629e+01
3.477520842218206809e+01
3.470595089943057587e+01
3.462919320680881441e+01
3.454455097979044353e+01
3.445160332492245914e+01
3.434989159952406368e+01
3.423891815110343373e+01
3.411814503127823883e+01
3.398699270138265405e+01
3.384483874959111205e+01
3.369101664228058723e+01
3.352481453547785861e+01
3.334547417557013205e+01
3.315218992195863734e+01
3.294410792794914755e+01
3.272032551982461968e+01
3.247989081763397223e+01
3.222180264463055011e+01
3.194501077534863143e+01
3.164841657482781656e+01
3.133087408326289136e+01
3.099119160111547089e+01
3.062813382918856320e+01
3.024042461602324749e+01
2.982675036089733211e+01
2.938576411435074220e+01
2.891609040920265628e+01
2.841633084316187663e+01
2.788507041912228601e+01
2.732088463092380692e+01
2.672234726071340560e+01
2.608803882918832784e+01
2.541655561227114291e+01
2.470651910771720949e+01
2.395658580361890699e+01
2.316545706886452649e+01
2.233188895474500413e+01
2.145470166876960150e+01
2.053278845829053623e+01
1.956512362486804690e+01
1.855076938265307263e+01
1.748888127763643752e+01
1.637871190149045475e+01
1.521961266572578531e+01
1.401103345043066462e+01
1.275252000788678153e+01
1.144370908524902397e+01
1.008432133204757797e+01
8.674152176818900273e+00
7.213060991596667471e+00
5.700959011980980762e+00
4.137796642755452226e+00
2.523550953516738637e+00
8.582143550081943184e-01
