6.966516194911135697e-03
2.067568802563431521e-02
3.416136960899470582e-02
4.742392521898133179e-02
6.046371310175049224e-02
7.328108548538231348e-02
8.587638858947838072e-02
9.824996263459948032e-02
1.104021418515425540e-01
1.223332544904562752e-01
1.340436228297946786e-01
1.455335631851075728e-01
1.568033859176685696e-01
1.678533954429386743e-01
1.786838902388665218e-01
1.892951628540238962e-01
1.996874999155772157e-01
2.098611821370937602e-01
2.198164843261835588e-01
2.295536753919764916e-01
2.390730183524339136e-01
2.483747703414960484e-01
2.574591826160646524e-01
2.663265005628208115e-01
2.749769637048781190e-01
2.834108057082720955e-01
2.916282543882854350e-01
2.996295317156094096e-01
3.074148538223417937e-01
3.149844310078219189e-01
3.223384677443027480e-01
3.294771626824606892e-01
3.364007086567433191e-01
3.431092926905554563e-01
3.496030960012843081e-01
3.558822940051634132e-01
3.619470563219768233e-01
3.677975467796027464e-01
3.734339234183986500e-01
3.788563384954262703e-01
3.840649384885191919e-01
3.890598641001918323e-01
3.938412502613908850e-01
3.984092261350895003e-01
4.027639151197254797e-01
4.069054348524818177e-01
4.108338972124132016e-01
4.145494083234153582e-01
4.180520685570409123e-01
4.213419725351594813e-01
4.244192091324642813e-01
4.272838614788245226e-01
4.299360069614844848e-01
4.323757172271091576e-01
4.346030581836776707e-01
4.366180900022232358e-01
4.384208671184215422e-01
4.400114382340266084e-01
4.413898463181556986e-01
4.425561286084211954e-01
4.435103166119125917e-01
4.442524361060260496e-01
4.447825071391437457e-01
4.451005440311615047e-01
4.452065553738662196e-01
4.451005440311615047e-01
4.447825071391437457e-01
4.442524361060260496e-01
4.435103166119125362e-01
4.425561286084211954e-01
4.413898463181556431e-01
4.400114382340266084e-01
4.384208671184214312e-01
4.366180900022231803e-01
4.346030581836776707e-01
4.323757172271091576e-01
4.299360069614844293e-01
4.272838614788245226e-01
4.244192091324642813e-01
4.213419725351594813e-01
4.180520685570408568e-01
4.145494083234153027e-01
4.108338972124131461e-01
4.069054348524817621e-01
4.027639151197253686e-01
3.984092261350895559e-01
3.938412502613908850e-01
3.890598641001918323e-01
3.840649384885191919e-01
3.788563384954262703e-01
3.734339234183986500e-01
3.677975467796028575e-01
3.619470563219769343e-01
3.558822940051634687e-01
3.496030960012843636e-01
3.431092926905555118e-01
3.364007086567433191e-01
3.294771626824606892e-01
3.223384677443027480e-01
3.149844310078218634e-01
3.074148538223417382e-01
2.996295317156094651e-01
2.916282543882854905e-01
2.834108057082721510e-01
2.749769637048781745e-01
2.663265005628208670e-01
2.574591826160647079e-01
2.483747703414961594e-01
2.390730183524339969e-01
2.295536753919765749e-01
2.198164843261836698e-01
2.098611821370937880e-01
1.996874999155772157e-01
1.892951628540238962e-01
1.786838902388664663e-01
1.678533954429386466e-01
1.568033859176685141e-01
1.455335631851076561e-01
1.340436228297947341e-01
1.223332544904563446e-01
1.104021418515425679e-01
9.824996263459948032e-02
8.587638858947836684e-02
7.328108548538243838e-02
6.046371310175059632e-02
4.742392521898142199e-02
3.416136960899476827e-02
2.067568802563435337e-02
6.966516194911148707e-03
