4.906906823648712335e-01
1.462181718260496366e+00
2.422755695726534153e+00
3.371399218953264221e+00
4.307115930011703675e+00
5.228930547176713794e+00
6.135893255469740737e+00
7.027084432108169132e+00
7.901619655889808413e+00
8.758654919366776426e+00
9.597391937559194730e+00
1.041708342817192801e+01
1.121703822664385974e+01
1.199662609526532364e+01
1.275528208897236837e+01
1.349251035075553595e+01
1.420788722601197307e+01
1.490106360642498373e+01
1.557176643867086874e+01
1.621979935992763089e+01
1.684504244930005257e+01
1.744745111049420672e+01
1.802705412516859340e+01
1.858395093740118753e+01
1.911830824695719500e+01
1.963035600212379350e+01
2.012038289166598304e+01
2.058873144006551215e+01
2.103579281094156173e+01
2.146200142087622353e+01
2.186782946033555675e+01
2.225378141059308490e+01
2.262038863613981121e+01
2.296820412158779945e+01
2.329779741107490310e+01
2.360974979711712862e+01
2.390464979511395427e+01
2.418308892958794232e+01
2.444565784895260308e+01
2.469294277729512999e+01
2.492552230441400241e+01
2.514396450919076287e+01
2.534882440628265599e+01
2.554064170204756579e+01
2.571993884247885020e+01
2.588721933364641359e+01
2.604296631361185632e+01
2.618764135390919279e+01
2.632168346835868178e+01
2.644550830711519041e+01
2.655950751435686641e+01
2.666404822881602144e+01
2.675947270737261263e+01
2.684609805311140462e+01
2.692421603053671220e+01
2.699409295200119629e+01
2.705596962080419488e+01
2.711006131782422912e+01
2.715655781994994200e+01
2.719562343994946829e+01
2.722739707876185733e+01
2.725199228249983818e+01
2.726949729772052677e+01
2.727997511975034683e+01
2.728346353004705449e+01
2.727997511975034683e+01
2.726949729772052677e+01
2.725199228249983818e+01
2.722739707876186088e+01
2.719562343994947184e+01
2.715655781994994200e+01
2.711006131782422912e+01
2.705596962080419132e+01
2.699409295200119629e+01
2.692421603053671220e+01
2.684609805311140462e+01
2.675947270737261618e+01
2.666404822881602144e+01
2.655950751435686286e+01
2.644550830711519041e+01
2.632168346835868178e+01
2.618764135390919279e+01
2.604296631361185632e+01
2.588721933364641004e+01
2.571993884247884665e+01
2.554064170204756579e+01
2.534882440628265954e+01
2.514396450919076287e+01
2.492552230441400596e+01
2.469294277729512999e+01
2.444565784895260308e+01
2.418308892958794942e+01
2.390464979511396137e+01
2.360974979711713573e+01
2.329779741107491020e+01
2.296820412158780655e+01
2.262038863613981476e+01
2.225378141059308845e+01
2.186782946033556030e+01
2.146200142087622709e+01
2.103579281094156528e+01
2.058873144006552280e+01
2.012038289166599014e+01
1.963035600212379705e+01
1.911830824695719855e+01
1.858395093740119108e+01
1.802705412516860051e+01
1.744745111049421382e+01
1.684504244930005967e+01
1.621979935992763799e+01
1.557176643867087584e+01
1.490106360642498906e+01
1.420788722601197840e+01
1.349251035075553951e+01
1.275528208897237015e+01
1.199662609526532542e+01
1.121703822664385797e+01
1.041708342817193689e+01
9.597391937559200059e+00
8.758654919366779978e+00
7.901619655889808413e+00
7.027084432108168244e+00
6.135893255469739849e+00
5.228930547176722676e+00
4.307115930011712557e+00
3.371399218953269994e+00
2.422755695726538594e+00
1.462181718260499252e+00
4.906906823648721772e-01
