6.223202801964684491e-03
1.846940374461804660e-02
3.051574174223290609e-02
4.236255293362859581e-02
5.401016788962848675e-02
6.545891162233023752e-02
7.670910359422335179e-02
8.776105772715377118e-02
9.861508241113477180e-02
1.092714805130038519e-01
1.197305493849257496e-01
1.299925808727402099e-01
1.400578613241555970e-01
1.499266715967870478e-01
1.595992870660395690e-01
1.690759776328358832e-01
1.783570077311889823e-01
1.874426363356189729e-01
1.963331169684148503e-01
2.050286977067408423e-01
2.135296211895871543e-01
2.218361246245657281e-01
2.299484397945509295e-01
2.378667930641652772e-01
2.455914053861099344e-01
2.531224923073412403e-01
2.604602639750923654e-01
2.676049251427410347e-01
2.745566751755232904e-01
2.813157080560932943e-01
2.878822123899301144e-01
2.942563714105911887e-01
3.004383629848131898e-01
3.064283596174596225e-01
3.122265284563173759e-01
3.178330312967406202e-01
3.232480245861430457e-01
3.284716594283391133e-01
3.335040815877345355e-01
3.383454314933659890e-01
3.429958442427902821e-01
3.474554496058239184e-01
3.517243720281330588e-01
3.558027306346741026e-01
3.596906392329848878e-01
3.633882063163278997e-01
3.668955350666845971e-01
3.702127233576018583e-01
3.733398637568903777e-01
3.762770435291757920e-01
3.790243446383027015e-01
3.815818437495907545e-01
3.839496122319454030e-01
3.861277161598206664e-01
3.881162163150365108e-01
3.899151681884496790e-01
3.915246219814789708e-01
3.929446226074838622e-01
3.941752096929988514e-01
3.952164175788209222e-01
3.960682753209528451e-01
3.967308066914005393e-01
3.972040301788254957e-01
3.974879589890522591e-01
3.975826010454303061e-01
3.974879589890522036e-01
3.972040301788254957e-01
3.967308066914005393e-01
3.960682753209527895e-01
3.952164175788208667e-01
3.941752096929987959e-01
3.929446226074838622e-01
3.915246219814789153e-01
3.899151681884496790e-01
3.881162163150363997e-01
3.861277161598206109e-01
3.839496122319454030e-01
3.815818437495906990e-01
3.790243446383026460e-01
3.762770435291757365e-01
3.733398637568902667e-01
3.702127233576017473e-01
3.668955350666844861e-01
3.633882063163277887e-01
3.596906392329847768e-01
3.558027306346740470e-01
3.517243720281330033e-01
3.474554496058238628e-01
3.429958442427901710e-01
3.383454314933658780e-01
3.335040815877344245e-01
3.284716594283390023e-01
3.232480245861429902e-01
3.178330312967405646e-01
3.122265284563173204e-01
3.064283596174595670e-01
3.004383629848130788e-01
2.942563714105911332e-01
2.878822123899300589e-01
2.813157080560931833e-01
2.745566751755231794e-01
2.676049251427410347e-01
2.604602639750923099e-01
2.531224923073411848e-01
2.455914053861098789e-01
2.378667930641652217e-01
2.299484397945508740e-01
2.218361246245657281e-01
2.135296211895871543e-01
2.050286977067408700e-01
1.963331169684148503e-01
1.874426363356189451e-01
1.783570077311889546e-01
1.690759776328358832e-01
1.595992870660395135e-01
1.499266715967869923e-01
1.400578613241555415e-01
1.299925808727402654e-01
1.197305493849257774e-01
1.092714805130038935e-01
9.861508241113475792e-02
8.776105772715375730e-02
7.670910359422332403e-02
6.545891162233034855e-02
5.401016788962858389e-02
4.236255293362867214e-02
3.051574174223296507e-02
1.846940374461807782e-02
6.223202801964695767e-03
