1.109051935064634620e+00
3.250237396230819531e+00
5.314507756111242820e+00
7.301883630177204765e+00
9.212426464050007979e+00
1.104626725818491906e+01
1.280363695338838426e+01
1.448489565969640580e+01
1.609055858330574296e+01
1.762131712484496759e+01
1.907805418232696226e+01
2.046185318701714095e+01
2.177400082366862932e+01
2.301598373324616631e+01
2.418947976425866031e+01
2.529634452932329580e+01
2.633859414110974484e+01
2.731838505380676096e+01
2.823799193237594451e+01
2.909978442310387692e+01
2.990620361677048678e+01
3.065973889118876627e+01
3.136290570299873437e+01
3.201822477802814859e+01
3.262820303218034468e+01
3.319531644584266417e+01
3.372199501772382035e+01
3.421060984084008538e+01
3.466346227485488640e+01
3.508277513493951716e+01
3.547068577686582103e+01
3.582924092979631325e+01
3.616039311057615890e+01
3.646599844452283889e+01
3.674781571604960106e+01
3.700750647634817625e+01
3.724663604336161882e+01
3.746667524015391848e+01
3.766900273048621983e+01
3.785490782408930954e+01
3.802559363810982518e+01
3.818218051499336951e+01
3.832570961028193324e+01
3.845714657618908916e+01
3.857738527821435071e+01
3.868725149238043315e+01
3.878750653989458641e+01
3.887885082416073601e+01
3.896192724214495939e+01
3.903732444818745506e+01
3.910557995353418903e+01
3.916718304921368343e+01
3.922257754349276837e+01
3.927216430809289704e+01
3.931630362971426251e+01
3.935531736527349267e+01
3.938949090068026493e+01
3.941907491402074726e+01
3.944428694473749175e+01
3.946531277084623923e+01
3.948230759645360877e+01
3.949539705187578420e+01
3.950467800854060130e+01
3.951021921061457931e+01
3.951206172495952273e+01
3.951021921061457931e+01
3.950467800854060130e+01
3.949539705187578420e+01
3.948230759645361587e+01
3.946531277084625344e+01
3.944428694473749886e+01
3.941907491402075436e+01
3.938949090068027203e+01
3.935531736527349977e+01
3.931630362971426962e+01
3.927216430809290415e+01
3.922257754349276837e+01
3.916718304921368343e+01
3.910557995353418903e+01
3.903732444818745506e+01
3.896192724214495939e+01
3.887885082416073601e+01
3.878750653989458641e+01
3.868725149238043315e+01
3.857738527821435781e+01
3.845714657618909627e+01
3.832570961028193324e+01
3.818218051499336951e+01
3.802559363810982518e+01
3.785490782408930954e+01
3.766900273048621983e+01
3.746667524015392559e+01
3.724663604336162592e+01
3.700750647634817625e+01
3.674781571604960106e+01
3.646599844452283889e+01
3.616039311057615890e+01
3.582924092979632036e+01
3.547068577686582103e+01
3.508277513493952426e+01
3.466346227485488640e+01
3.421060984084009249e+01
3.372199501772382746e+01
3.319531644584267127e+01
3.262820303218035178e+01
3.201822477802815570e+01
3.136290570299874148e+01
3.065973889118878049e+01
2.990620361677050099e+01
2.909978442310389113e+01
2.823799193237595873e+01
2.731838505380676807e+01
2.633859414110974839e+01
2.529634452932329935e+01
2.418947976425865676e+01
2.301598373324616631e+01
2.177400082366862222e+01
2.046185318701715161e+01
1.907805418232696582e+01
1.762131712484497470e+01
1.609055858330574296e+01
1.448489565969640580e+01
1.280363695338838070e+01
1.104626725818493682e+01
9.212426464050022190e+00
7.301883630177217199e+00
5.314507756111253478e+00
3.250237396230825748e+00
1.109051935064636618e+00
