1.678636098621364703e-01
4.982265987587698453e-01
8.232253586552977787e-01
1.142859901499898800e+00
1.457130264751110182e+00
1.766036532602412112e+00
2.069578861875634335e+00
2.367757511509156476e+00
2.660572874655297237e+00
2.948025512486200927e+00
3.230116188889038842e+00
3.506845905309458722e+00
3.778215935077106735e+00
4.044227856618606509e+00
4.304883585031863191e+00
4.560185401560770124e+00
4.810135980571618397e+00
5.054738413691488574e+00
5.293996230824958182e+00
5.527913417818364650e+00
5.756494430590764821e+00
5.979744205597664397e+00
6.197668166537469325e+00
6.410272227251611277e+00
6.617562790807274276e+00
6.819546744786857850e+00
7.016231452840562710e+00
7.207624742588002675e+00
7.393734889981491420e+00
7.574570600267773735e+00
7.750140985706414298e+00
7.920455540222048896e+00
8.085524111184184903e+00
8.245356868522469185e+00
8.399964271397198701e+00
8.549357032654688382e+00
8.693546081304818429e+00
8.832542523263889223e+00
8.966357600609942580e+00
9.095002649599962297e+00
9.218489057699137845e+00
9.336828219871547319e+00
9.450031494379569352e+00
9.558110158335962225e+00
9.661075363248086134e+00
9.758938090788191744e+00
9.851709109017393828e+00
9.939398929283592921e+00
1.002201776400573685e+01
1.009957548554816853e+01
1.017208158637971138e+01
1.023954514070244848e+01
1.030197476772522336e+01
1.035937859674640826e+01
1.041176423419996055e+01
1.045913873280779249e+01
1.050150856297048918e+01
1.053887958651720602e+01
1.057125703292416752e+01
1.059864547809990398e+01
1.062104882582381293e+01
1.063847029191314775e+01
1.065091239118202537e+01
1.065837692724447550e+01
1.066086498520198411e+01
1.065837692724447550e+01
1.065091239118202537e+01
1.063847029191314775e+01
1.062104882582381293e+01
1.059864547809990576e+01
1.057125703292416929e+01
1.053887958651720780e+01
1.050150856297049096e+01
1.045913873280779427e+01
1.041176423419996233e+01
1.035937859674640826e+01
1.030197476772522158e+01
1.023954514070244670e+01
1.017208158637970961e+01
1.009957548554816675e+01
1.002201776400573507e+01
9.939398929283591144e+00
9.851709109017392052e+00
9.758938090788189967e+00
9.661075363248084358e+00
9.558110158335962225e+00
9.450031494379567576e+00
9.336828219871545542e+00
9.218489057699136069e+00
9.095002649599958744e+00
8.966357600609940803e+00
8.832542523263889223e+00
8.693546081304818429e+00
8.549357032654688382e+00
8.399964271397196924e+00
8.245356868522467408e+00
8.085524111184183127e+00
7.920455540222047119e+00
7.750140985706412522e+00
7.574570600267771070e+00
7.393734889981488756e+00
7.207624742588003564e+00
7.016231452840562710e+00
6.819546744786856962e+00
6.617562790807272499e+00
6.410272227251610389e+00
6.197668166537467549e+00
5.979744205597663509e+00
5.756494430590764821e+00
5.527913417818364650e+00
5.293996230824958182e+00
5.054738413691486798e+00
4.810135980571616621e+00
4.560185401560768348e+00
4.304883585031860527e+00
4.044227856618604733e+00
3.778215935077104071e+00
3.506845905309460054e+00
3.230116188889039286e+00
2.948025512486201816e+00
2.660572874655297237e+00
2.367757511509156476e+00
2.069578861875633446e+00
1.766036532602414999e+00
1.457130264751112625e+00
1.142859901499900577e+00
8.232253586552991109e-01
4.982265987587705669e-01
1.678636098621367756e-01
