1.515798022933632361e-01
4.499320034947136837e-01
7.434768025261667690e-01
1.032214207336753731e+00
1.316144242855175284e+00
1.595266965130414993e+00
1.869582478596008901e+00
2.139090955747445566e+00
2.403792658580123920e+00
2.663687961190955189e+00
2.918777373000128517e+00
3.169061562100750074e+00
3.414541378293148632e+00
3.655217875407529959e+00
3.891092332563550027e+00
4.122166274058083779e+00
4.348441487613278866e+00
4.569920040755619972e+00
4.786604295133531473e+00
4.998496918615739304e+00
5.205600895045431109e+00
5.407919531556118820e+00
5.605456463384049570e+00
5.798215656139054097e+00
5.986201405520910512e+00
6.169418334491675537e+00
6.347871387935914100e+00
6.521565824860588556e+00
6.690507208204305556e+00
6.854701392342025912e+00
7.014154508385926690e+00
7.168872947396232931e+00
7.318863341627272590e+00
7.464132543944067777e+00
7.604687605553284158e+00
7.740535752199567021e+00
7.871684358984111896e+00
7.998140923966924554e+00
8.119913040717635866e+00
8.237008369981984046e+00
8.349434610632288312e+00
8.457199470070525749e+00
8.560310634251807826e+00
8.658775737494623925e+00
8.752602332241748329e+00
8.841797858932714860e+00
8.926369616144983254e+00
9.006324731156549745e+00
9.081670131077862251e+00
9.152412514695539514e+00
9.218558325164455169e+00
9.280113723678610427e+00
9.337084564244547025e+00
9.389476369674211398e+00
9.437294308906945872e+00
9.480543175762976560e+00
9.519227369223065338e+00
9.553350875321244828e+00
9.582917250729728664e+00
9.607929608106861252e+00
9.628390603271014925e+00
9.644302424254973971e+00
9.655666782287145367e+00
9.662484904737501878e+00
9.664757530057846324e+00
9.662484904737501878e+00
9.655666782287145367e+00
9.644302424254973971e+00
9.628390603271016701e+00
9.607929608106864805e+00
9.582917250729732217e+00
9.553350875321248381e+00
9.519227369223067114e+00
9.480543175762980113e+00
9.437294308906947649e+00
9.389476369674213174e+00
9.337084564244550577e+00
9.280113723678613979e+00
9.218558325164456946e+00
9.152412514695539514e+00
9.081670131077862251e+00
9.006324731156549745e+00
8.926369616144983254e+00
8.841797858932714860e+00
8.752602332241748329e+00
8.658775737494625702e+00
8.560310634251809603e+00
8.457199470070527525e+00
8.349434610632290088e+00
8.237008369981985823e+00
8.119913040717639419e+00
7.998140923966927218e+00
7.871684358984113672e+00
7.740535752199568797e+00
7.604687605553285046e+00
7.464132543944067777e+00
7.318863341627273478e+00
7.168872947396233819e+00
7.014154508385926690e+00
6.854701392342025912e+00
6.690507208204305556e+00
6.521565824860589444e+00
6.347871387935914989e+00
6.169418334491676426e+00
5.986201405520911401e+00
5.798215656139054985e+00
5.605456463384050458e+00
5.407919531556121484e+00
5.205600895045432885e+00
4.998496918615741968e+00
4.786604295133533249e+00
4.569920040755620860e+00
4.348441487613279754e+00
4.122166274058084667e+00
3.891092332563550027e+00
3.655217875407530403e+00
3.414541378293147744e+00
3.169061562100752738e+00
2.918777373000130737e+00
2.663687961190957409e+00
2.403792658580125252e+00
2.139090955747446454e+00
1.869582478596008679e+00
1.595266965130418324e+00
1.316144242855178170e+00
1.032214207336755729e+00
7.434768025261682123e-01
4.499320034947146829e-01
1.515798022933635691e-01
