4.891459611866981472e-03
1.451677818554953162e-02
2.398477607317392804e-02
3.329572866274132376e-02
4.244990677428336912e-02
5.144757666775345850e-02
6.028900005078632884e-02
6.897443408632619732e-02
7.750413140012307744e-02
8.587834008809758224e-02
9.409730372357401340e-02
1.021612613643815004e-01
1.100704475598239251e-01
1.178250923575177717e-01
1.254254213100987059e-01
1.328716554817963857e-01
1.401640114548781402e-01
1.473027013359610171e-01
1.542879327621925478e-01
1.611199089073009350e-01
1.677988284875133740e-01
1.743248857673440344e-01
1.806982705652513399e-01
1.869191682591643811e-01
1.929877597918789878e-01
1.989042216763234894e-01
2.046687260006944675e-01
2.102814404334625298e-01
2.157425282282480206e-01
2.210521482285675854e-01
2.262104548724509501e-01
2.312175981969288030e-01
2.360737238423911144e-01
2.407789730568171138e-01
2.453334826998763152e-01
2.497373852469010336e-01
2.539908087927308378e-01
2.580938770554284112e-01
2.620467093798679037e-01
2.658494207411954413e-01
2.695021217481617382e-01
2.730049186463277544e-01
2.763579133211426786e-01
2.795612033008953445e-01
2.826148817595384166e-01
2.855190375193856211e-01
2.882737550536828008e-01
2.908791144890526259e-01
2.933351916078125177e-01
2.956420578501667840e-01
2.977997803162727442e-01
2.998084217681806773e-01
3.016680406316485930e-01
3.033786909978306023e-01
3.049404226248403349e-01
3.063532809391887879e-01
3.076173070370965545e-01
3.087325376856810966e-01
3.096990053240188945e-01
3.105167380640821984e-01
3.111857596915506563e-01
3.117060896664987646e-01
3.120777431239571964e-01
3.123007308743499522e-01
3.123750594038067208e-01
3.123007308743499522e-01
3.120777431239571964e-01
3.117060896664987646e-01
3.111857596915506563e-01
3.105167380640821428e-01
3.096990053240188945e-01
3.087325376856810411e-01
3.076173070370964435e-01
3.063532809391887324e-01
3.049404226248402794e-01
3.033786909978304913e-01
3.016680406316485374e-01
2.998084217681806218e-01
2.977997803162726886e-01
2.956420578501667840e-01
2.933351916078124622e-01
2.908791144890525704e-01
2.882737550536827453e-01
2.855190375193855101e-01
2.826148817595383056e-01
2.795612033008952890e-01
2.763579133211425121e-01
2.730049186463275879e-01
2.695021217481616271e-01
2.658494207411952748e-01
2.620467093798677927e-01
2.580938770554283557e-01
2.539908087927307823e-01
2.497373852469009226e-01
2.453334826998761764e-01
2.407789730568169750e-01
2.360737238423909756e-01
2.312175981969286920e-01
2.262104548724508390e-01
2.210521482285674466e-01
2.157425282282478818e-01
2.102814404334624465e-01
2.046687260006944398e-01
1.989042216763234061e-01
1.929877597918789045e-01
1.869191682591643255e-01
1.806982705652512844e-01
1.743248857673440622e-01
1.677988284875133740e-01
1.611199089073009905e-01
1.542879327621925756e-01
1.473027013359609894e-01
1.401640114548781402e-01
1.328716554817963857e-01
1.254254213100986781e-01
1.178250923575177439e-01
1.100704475598238835e-01
1.021612613643815559e-01
9.409730372357402728e-02
8.587834008809759612e-02
7.750413140012306357e-02
6.897443408632616957e-02
6.028900005078629415e-02
5.144757666775353483e-02
4.244990677428343850e-02
3.329572866274137233e-02
2.398477607317396620e-02
1.451677818554955417e-02
4.891459611866989278e-03
