8.843313423211132673e-02
2.631872791341319795e-01
4.358003712138427410e-01
6.062438299142111076e-01
7.744894308824150642e-01
9.405093135250450764e-01
1.104275988603304004e+00
1.265762345850910409e+00
1.424941661594589792e+00
1.581787606354600806e+00
1.736274252400722640e+00
1.888376081237471693e+00
2.038067990991101031e+00
2.185325303670033747e+00
2.330123772269951488e+00
2.472439587694577501e+00
2.612249385463485396e+00
2.749530252178771228e+00
2.884259731723358922e+00
3.016415831164859007e+00
3.145977026340342597e+00
3.272922267099148019e+00
3.397230982182723569e+00
3.518883083722688543e+00
3.637858971340590664e+00
3.754139535835356867e+00
3.867706162446990614e+00
3.978540733687823572e+00
4.086625631735381070e+00
4.191943740383775818e+00
4.294478446553402051e+00
4.394213641361552014e+00
4.491133720759409975e+00
4.585223585743683827e+00
4.676468642153825073e+00
4.764854800068439644e+00
4.850368472816962040e+00
4.932996575625107738e+00
5.012726523914794896e+00
5.089546231281346422e+00
5.163444107172646902e+00
5.234409054296664365e+00
5.302430465785229252e+00
5.367498222143298747e+00
5.429602688013978273e+00
5.488734708790470762e+00
5.544885607106761150e+00
5.598047179239218352e+00
5.648211691451550998e+00
5.695371876315425297e+00
5.739520929038880226e+00
5.780652503834090794e+00
5.818760710355413757e+00
5.853840110237674921e+00
5.885885713763572724e+00
5.914892976687760928e+00
5.940857797243680238e+00
5.963776513357544218e+00
5.983645900092073866e+00
6.000463167340598147e+00
6.014225957790029220e+00
6.024932345169029979e+00
6.032580832795312098e+00
6.037170352433639309e+00
6.038700263473599783e+00
6.037170352433639309e+00
6.032580832795312098e+00
6.024932345169029979e+00
6.014225957790030108e+00
6.000463167340598147e+00
5.983645900092074754e+00
5.963776513357544218e+00
5.940857797243680238e+00
5.914892976687760928e+00
5.885885713763572724e+00
5.853840110237674921e+00
5.818760710355412868e+00
5.780652503834089906e+00
5.739520929038879338e+00
5.695371876315424409e+00
5.648211691451549221e+00
5.598047179239217463e+00
5.544885607106759373e+00
5.488734708790469874e+00
5.429602688013975609e+00
5.367498222143297859e+00
5.302430465785227476e+00
5.234409054296662589e+00
5.163444107172645126e+00
5.089546231281344646e+00
5.012726523914794008e+00
4.932996575625107738e+00
4.850368472816962040e+00
4.764854800068438756e+00
4.676468642153824185e+00
4.585223585743681163e+00
4.491133720759409087e+00
4.394213641361551126e+00
4.294478446553400275e+00
4.191943740383773154e+00
4.086625631735379294e+00
3.978540733687824460e+00
3.867706162446990614e+00
3.754139535835356423e+00
3.637858971340590220e+00
3.518883083722687655e+00
3.397230982182723569e+00
3.272922267099148463e+00
3.145977026340343041e+00
3.016415831164859007e+00
2.884259731723359366e+00
2.749530252178770784e+00
2.612249385463484952e+00
2.472439587694577501e+00
2.330123772269950599e+00
2.185325303670032859e+00
2.038067990991099698e+00
1.888376081237473025e+00
1.736274252400723084e+00
1.581787606354601472e+00
1.424941661594590014e+00
1.265762345850910409e+00
1.104275988603303560e+00
9.405093135250465197e-01
7.744894308824163964e-01
6.062438299142122178e-01
4.358003712138434627e-01
2.631872791341324236e-01
8.843313423211146551e-02
