1.844494963989416064e-02
5.476168067204207485e-02
9.050530108631761605e-02
1.256758675503217015e-01
1.602734357756031569e-01
1.942980605238532055e-01
2.277497956131274703e-01
2.606286939240481937e-01
2.929348074059402451e-01
3.246681870828592165e-01
3.558288830594736329e-01
3.864169445267619518e-01
4.164324197674956762e-01
4.458753561614752225e-01
4.747458001904938385e-01
5.030437974430043147e-01
5.307693926184693378e-01
5.579226295313753914e-01
5.845035511148978236e-01
6.105121994242026506e-01
6.359486156393755474e-01
6.608128400679735837e-01
6.851049121471922687e-01
7.088248704456490135e-01
7.319727526647799021e-01
7.545485956398562122e-01
7.765524353406229041e-01
7.979843068715680721e-01
8.188442444718294633e-01
8.391322815147514991e-01
8.588484505071036779e-01
8.779927830879753481e-01
8.965653100273595077e-01
9.145660612244463916e-01
9.319950657056410570e-01
9.488523516223266174e-01
9.651379462483916649e-01
9.808518759775414209e-01
9.959941663204184836e-01
1.010564841901549382e+00
1.024563926456143914e+00
1.037991442826768695e+00
1.050847412959916793e+00
1.063131857902499311e+00
1.074844797798279350e+00
1.085986251884272447e+00
1.096556238487138568e+00
1.106554775019583881e+00
1.115981877976798042e+00
1.124837562932947677e+00
1.133121844537746226e+00
1.140834736513119729e+00
1.147976251649993396e+00
1.154546401805208733e+00
1.160545197898597003e+00
1.165972649910220538e+00
1.170828766877801907e+00
1.175113556894349598e+00
1.178827027106000624e+00
1.181969183710084748e+00
1.184540031953427164e+00
1.186539576130894558e+00
1.187967819584196283e+00
1.188824764700943115e+00
1.189110412913972903e+00
1.188824764700943115e+00
1.187967819584196283e+00
1.186539576130894558e+00
1.184540031953427164e+00
1.181969183710084970e+00
1.178827027106000847e+00
1.175113556894349598e+00
1.170828766877801907e+00
1.165972649910220538e+00
1.160545197898597003e+00
1.154546401805208733e+00
1.147976251649993396e+00
1.140834736513119507e+00
1.133121844537746004e+00
1.124837562932947677e+00
1.115981877976798042e+00
1.106554775019583658e+00
1.096556238487138568e+00
1.085986251884272447e+00
1.074844797798279128e+00
1.063131857902499533e+00
1.050847412959917015e+00
1.037991442826768917e+00
1.024563926456144136e+00
1.010564841901549604e+00
9.959941663204188167e-01
9.808518759775418649e-01
9.651379462483919980e-01
9.488523516223268395e-01
9.319950657056411680e-01
9.145660612244465026e-01
8.965653100273596188e-01
8.779927830879754591e-01
8.588484505071037889e-01
8.391322815147514991e-01
8.188442444718294633e-01
7.979843068715682941e-01
7.765524353406231262e-01
7.545485956398563232e-01
7.319727526647800131e-01
7.088248704456491245e-01
6.851049121471924908e-01
6.608128400679740277e-01
6.359486156393759915e-01
6.105121994242030947e-01
5.845035511148982676e-01
5.579226295313756134e-01
5.307693926184693378e-01
5.030437974430043147e-01
4.747458001904938385e-01
4.458753561614752225e-01
4.164324197674955652e-01
3.864169445267622294e-01
3.558288830594738550e-01
3.246681870828594940e-01
2.929348074059403007e-01
2.606286939240482492e-01
2.277497956131274703e-01
1.942980605238535663e-01
1.602734357756034900e-01
1.256758675503219236e-01
9.050530108631779647e-02
5.476168067204219281e-02
1.844494963989419534e-02
