3.019670864535153876e-01
8.951734447654464688e-01
1.477652007526326861e+00
2.049402898687215924e+00
2.610426505032594324e+00
3.160723691733045015e+00
3.700296062314062162e+00
4.229146251007702695e+00
4.747278236582820554e+00
5.254697667832900265e+00
5.751412191939725638e+00
6.237431777927355370e+00
6.712769028374920843e+00
7.177439473468471220e+00
7.631461842341471069e+00
8.074858307479578556e+00
8.507654698747318278e+00
8.929880684330747442e+00
9.341569916580386490e+00
9.742760141380914618e+00
1.013349327026761593e+01
1.051381541505354988e+01
1.088377688522495212e+01
1.124343214880558861e+01
1.159283975778363995e+01
1.193206223953776224e+01
1.226116595599313008e+01
1.258022093248502493e+01
1.288930065850838069e+01
1.318848186268908940e+01
1.347784426442876615e+01
1.375747030475224975e+01
1.402744485892892534e+01
1.428785493344837398e+01
1.453878934991095484e+01
1.478033841834806061e+01
1.501259360241839680e+01
1.523564717883871822e+01
1.544959189330372418e+01
1.565452061503276937e+01
1.585052599195428158e+01
1.603770010840451832e+01
1.621613414707855938e+01
1.638591805683039837e+01
1.654714022777771376e+01
1.669988717502748088e+01
1.684424323220273934e+01
1.698029025581945461e+01
1.710810734143761280e+01
1.722777055239252775e+01
1.733935266180215251e+01
1.744292290844438043e+01
1.753854676700514048e+01
1.762628573311399549e+01
1.770619712350862685e+01
1.777833389160331734e+01
1.784274445867888303e+01
1.789947256086199090e+01
1.794855711202043480e+01
1.799003208266659470e+01
1.802392639493402271e+01
1.805026383367057008e+01
1.806906297367559233e+01
1.808033712309732977e+01
1.808409428299897215e+01
1.808033712309732977e+01
1.806906297367559233e+01
1.805026383367057008e+01
1.802392639493402271e+01
1.799003208266659470e+01
1.794855711202043480e+01
1.789947256086199090e+01
1.784274445867888303e+01
1.777833389160331734e+01
1.770619712350862685e+01
1.762628573311399904e+01
1.753854676700514403e+01
1.744292290844438398e+01
1.733935266180215962e+01
1.722777055239253130e+01
1.710810734143761636e+01
1.698029025581945817e+01
1.684424323220274289e+01
1.669988717502748798e+01
1.654714022777771731e+01
1.638591805683040192e+01
1.621613414707855938e+01
1.603770010840451832e+01
1.585052599195428336e+01
1.565452061503276937e+01
1.544959189330372418e+01
1.523564717883872355e+01
1.501259360241840035e+01
1.478033841834806417e+01
1.453878934991095484e+01
1.428785493344837576e+01
1.402744485892892712e+01
1.375747030475225152e+01
1.347784426442876615e+01
1.318848186268908762e+01
1.288930065850837892e+01
1.258022093248502848e+01
1.226116595599313364e+01
1.193206223953776579e+01
1.159283975778364351e+01
1.124343214880559039e+01
1.088377688522495390e+01
1.051381541505355344e+01
1.013349327026761770e+01
9.742760141380918171e+00
9.341569916580390043e+00
8.929880684330747442e+00
8.507654698747320055e+00
8.074858307479580333e+00
7.631461842341469293e+00
7.177439473468469444e+00
6.712769028374918179e+00
6.237431777927358922e+00
5.751412191939727414e+00
5.254697667832902042e+00
4.747278236582820554e+00
4.229146251007702695e+00
3.700296062314060830e+00
3.160723691733050345e+00
2.610426505032598765e+00
2.049402898687219476e+00
1.477652007526329747e+00
8.951734447654481341e-01
3.019670864535159427e-01
