4.003456338787462765e-01
1.193523651587192758e+00
1.978564419498346938e+00
2.754850936099465297e+00
3.521774777088711339e+00
4.278737818029170192e+00
5.025154111236788346e+00
5.760451916136009487e+00
6.484075871294807669e+00
7.195489286065332557e+00
7.894176520604274216e+00
8.579645415368506889e+00
9.251429725246531177e+00
9.909091509482713889e+00
1.055222342657960688e+01
1.118045088343211546e+01
1.179343398997644954e+01
1.239086927446390973e+01
1.297249111986220171e+01
1.353807288855530722e+01
1.408742771012846617e+01
1.462040891523901287e+01
1.513691010703466766e+01
1.563686486995337077e+01
1.612024612371745036e+01
1.658706513765752177e+01
1.703737022695710834e+01
1.747124515784301835e+01
1.788880729306198702e+01
1.829020551213973889e+01
1.867561794292310395e+01
1.904524954181334806e+01
1.939932955999697128e+01
1.973810893198581340e+01
2.006185762102360925e+01
2.037086195354491736e+01
2.066542197202927866e+01
2.094584883241893891e+01
2.121246226889406472e+01
2.146558814534295223e+01
2.170555610942946601e+01
2.193269736183133389e+01
2.214734255007098795e+01
2.234981979343700331e+01
2.254045284283721529e+01
2.271955937705732609e+01
2.288744943483315453e+01
2.304442398038209561e+01
2.319077359857336873e+01
2.332677731473439664e+01
2.345270153317436979e+01
2.356879908783531974e+01
2.367530839803302101e+01
2.377245272200151049e+01
2.386043950088242838e+01
2.393945978588147483e+01
2.400968774152730489e+01
2.407128021829368336e+01
2.412437638826541786e+01
2.416909743802681731e+01
2.420554631351335928e+01
2.423380751218120466e+01
2.425394691850408080e+01
2.426601167949396398e+01
2.427003011765311413e+01
2.426601167949396398e+01
2.425394691850408080e+01
2.423380751218120466e+01
2.420554631351335928e+01
2.416909743802681731e+01
2.412437638826542141e+01
2.407128021829368691e+01
2.400968774152730845e+01
2.393945978588147838e+01
2.386043950088243193e+01
2.377245272200151405e+01
2.367530839803302101e+01
2.356879908783531974e+01
2.345270153317436623e+01
2.332677731473439309e+01
2.319077359857336518e+01
2.304442398038209205e+01
2.288744943483315097e+01
2.271955937705732254e+01
2.254045284283721173e+01
2.234981979343700687e+01
2.214734255007099506e+01
2.193269736183134100e+01
2.170555610942947311e+01
2.146558814534295934e+01
2.121246226889407183e+01
2.094584883241894957e+01
2.066542197202929287e+01
2.037086195354493157e+01
2.006185762102361991e+01
1.973810893198582406e+01
1.939932955999697839e+01
1.904524954181335872e+01
1.867561794292311461e+01
1.829020551213974244e+01
1.788880729306199058e+01
1.747124515784302901e+01
1.703737022695711900e+01
1.658706513765752888e+01
1.612024612371745746e+01
1.563686486995337788e+01
1.513691010703467477e+01
1.462040891523902353e+01
1.408742771012847506e+01
1.353807288855531787e+01
1.297249111986221237e+01
1.239086927446391684e+01
1.179343398997645842e+01
1.118045088343212434e+01
1.055222342657961043e+01
9.909091509482717441e+00
9.251429725246531177e+00
8.579645415368515771e+00
7.894176520604278657e+00
7.195489286065336998e+00
6.484075871294809446e+00
5.760451916136009487e+00
5.025154111236787458e+00
4.278737818029179074e+00
3.521774777088718889e+00
2.754850936099471070e+00
1.978564419498350935e+00
1.193523651587195200e+00
4.003456338787470536e-01
