2.129063312202053915e+00
6.290193182243637438e+00
1.031504028383594296e+01
1.416755545405895944e+01
1.781662309170379999e+01
2.123746971172924347e+01
2.441259881891962280e+01
2.733211812503040861e+01
2.999343853096782908e+01
3.240044512411140687e+01
3.456232059123686184e+01
3.649222222573949637e+01
3.820598514651400279e+01
3.972097026495381300e+01
4.105511854964193930e+01
4.222622711597190204e+01
4.325143235921807872e+01
4.414686949498459967e+01
4.492747263701682670e+01
4.560688084514242036e+01
4.619742016597709267e+01
4.671013739808205401e+01
4.715486689858015978e+01
4.754031661771439587e+01
4.787416350812825527e+01
4.816315152746394546e+01
4.841318775296420540e+01
4.862943380059601850e+01
4.881639092893531284e+01
4.897797803016499074e+01
4.911760226420166475e+01
4.923822245235851369e+01
4.934240557061599475e+01
4.943237681116577420e+01
4.951006374461577053e+01
4.957713513569852637e+01
4.963503495778127217e+01
4.968501212659882071e+01
4.972814643877112672e+01
4.976537116081691892e+01
4.979749267285102121e+01
4.982520753010327041e+01
4.984911726615138861e+01
4.986974122509040797e+01
4.988752767615569184e+01
4.990286343371217725e+01
4.991608217799071667e+01
4.992747164736217513e+01
4.993727985110032108e+01
4.994572043227383773e+01
4.995297729339195314e+01
4.995920858247505691e+01
4.996455012410664409e+01
4.996911836853656297e+01
4.997301292185232313e+01
4.997631871143812532e+01
4.997910783323830941e+01
4.998144112058885469e+01
4.998336946844597861e+01
4.998493494160847206e+01
4.998617169089552448e+01
4.998710669710936827e+01
4.998776035889858349e+01
4.998814693726459524e+01
4.998827486635189388e+01
4.998814693726459524e+01
4.998776035889858349e+01
4.998710669710936827e+01
4.998617169089552448e+01
4.998493494160847206e+01
4.998336946844597861e+01
4.998144112058885469e+01
4.997910783323830941e+01
4.997631871143812532e+01
4.997301292185232313e+01
4.996911836853656297e+01
4.996455012410664409e+01
4.995920858247505691e+01
4.995297729339195314e+01
4.994572043227383773e+01
4.993727985110032108e+01
4.992747164736217513e+01
4.991608217799071667e+01
4.990286343371217725e+01
4.988752767615569184e+01
4.986974122509040797e+01
4.984911726615138861e+01
4.982520753010327041e+01
4.979749267285102121e+01
4.976537116081691892e+01
4.972814643877112672e+01
4.968501212659882071e+01
4.963503495778127217e+01
4.957713513569852637e+01
4.951006374461577053e+01
4.943237681116576709e+01
4.934240557061598764e+01
4.923822245235851369e+01
4.911760226420165765e+01
4.897797803016499074e+01
4.881639092893531284e+01
4.862943380059601850e+01
4.841318775296420540e+01
4.816315152746394546e+01
4.787416350812825527e+01
4.754031661771439587e+01
4.715486689858015978e+01
4.671013739808206111e+01
4.619742016597709977e+01
4.560688084514242746e+01
4.492747263701683380e+01
4.414686949498460677e+01
4.325143235921807872e+01
4.222622711597190204e+01
4.105511854964193219e+01
3.972097026495380589e+01
3.820598514651398148e+01
3.649222222573951058e+01
3.456232059123687606e+01
3.240044512411141397e+01
2.999343853096783263e+01
2.733211812503040861e+01
2.441259881891961925e+01
2.123746971172927545e+01
1.781662309170382841e+01
1.416755545405898431e+01
1.031504028383596072e+01
6.290193182243648984e+00
2.129063312202057912e+00
