7.455829596272726956e-02
2.213565027611985037e-01
3.658363245038951939e-01
5.079977616568729371e-01
6.478408156828958653e-01
7.853654898735430434e-01
9.205717903671101210e-01
1.053459727311264693e+00
1.184029316132671372e+00
1.312280578878953996e+00
1.438213545601364052e+00
1.561828255749414529e+00
1.683124759551510419e+00
1.802103119358232641e+00
1.918763410927483370e+00
2.033105724633079259e+00
2.145130166580705211e+00
2.254836859617295630e+00
2.362225944222005047e+00
2.467297579268882490e+00
2.570051942653217125e+00
2.670489231775301064e+00
2.768609663876975713e+00
2.864413476227908095e+00
2.957900926159975796e+00
3.049072290949520703e+00
3.137927867548480521e+00
3.224467972166583429e+00
3.308692939707880143e+00
3.390603123065888180e+00
3.470198892282519765e+00
3.547480633576819198e+00
3.622448748250252759e+00
3.695103651475998063e+00
3.765445770980253126e+00
3.833475545624110747e+00
3.899193423894995014e+00
3.962599862317043087e+00
4.023695323790124512e+00
4.082480275867431452e+00
4.138955188981792155e+00
4.193120534630934593e+00
4.244976783532080411e+00
4.294524403756167175e+00
4.341763858852056401e+00
4.386695605970932554e+00
4.429320094001009345e+00
4.469637761722442981e+00
4.507649035992182363e+00
4.543354329968164684e+00
4.576754041382028682e+00
4.607848550869129589e+00
4.636638220364302398e+00
4.663123391571414089e+00
4.687304384514313860e+00
4.709181496176324977e+00
4.728754999234960010e+00
4.746025140898016303e+00
4.760992141846701386e+00
4.773656195290884696e+00
4.784017466140996433e+00
4.792076090300560587e+00
4.797832174082715007e+00
4.801285793753502951e+00
4.802436995204094394e+00
4.801285793753502951e+00
4.797832174082715007e+00
4.792076090300559699e+00
4.784017466140996433e+00
4.773656195290884696e+00
4.760992141846701386e+00
4.746025140898015415e+00
4.728754999234960010e+00
4.709181496176324977e+00
4.687304384514313860e+00
4.663123391571413201e+00
4.636638220364302398e+00
4.607848550869128701e+00
4.576754041382028682e+00
4.543354329968163796e+00
4.507649035992181474e+00
4.469637761722442981e+00
4.429320094001008457e+00
4.386695605970932554e+00
4.341763858852056401e+00
4.294524403756168063e+00
4.244976783532080411e+00
4.193120534630934593e+00
4.138955188981792155e+00
4.082480275867431452e+00
4.023695323790124512e+00
3.962599862317044419e+00
3.899193423894995902e+00
3.833475545624112080e+00
3.765445770980254458e+00
3.695103651475998952e+00
3.622448748250253647e+00
3.547480633576820530e+00
3.470198892282521097e+00
3.390603123065888180e+00
3.308692939707880587e+00
3.224467972166584762e+00
3.137927867548481853e+00
3.049072290949521591e+00
2.957900926159976684e+00
2.864413476227908983e+00
2.768609663876976601e+00
2.670489231775302841e+00
2.570051942653218902e+00
2.467297579268883378e+00
2.362225944222006380e+00
2.254836859617296518e+00
2.145130166580705655e+00
2.033105724633079703e+00
1.918763410927483370e+00
1.802103119358232641e+00
1.683124759551509975e+00
1.561828255749415861e+00
1.438213545601364940e+00
1.312280578878954662e+00
1.184029316132671816e+00
1.053459727311264693e+00
9.205717903671100100e-01
7.853654898735443757e-01
6.478408156828970865e-01
5.079977616568739363e-01
3.658363245038958600e-01
2.213565027611988922e-01
7.455829596272740833e-02
