2.897734870554602438e-02
8.606673174867550402e-02
1.422892522946017646e-01
1.976433854716183325e-01
2.521276297443014736e-01
3.057405069919756913e-01
3.584805625866142598e-01
4.103463654699031071e-01
4.613365082292045782e-01
5.114496071721714721e-01
5.606843023997739595e-01
6.090392578775115640e-01
6.565131615046071456e-01
7.031047251809786625e-01
7.488126848718203998e-01
7.936358006696192513e-01
8.375728568534708263e-01
8.806226619455562732e-01
9.227840487646731260e-01
9.640558744767248056e-01
1.004437020642084288e+00
1.043926393259778207e+00
1.082522922808443200e+00
1.120225564284025976e+00
1.157033297234215441e+00
1.192945125789612870e+00
1.227960078691659351e+00
1.262077209317352233e+00
1.295295595700803437e+00
1.327614340551698247e+00
1.359032571270734069e+00
1.389549439962124433e+00
1.419164123443266812e+00
1.447875823251690397e+00
1.475683765649396184e+00
1.502587201624725699e+00
1.528585406891892706e+00
1.553677681888323558e+00
1.577863351769960953e+00
1.601141766404682532e+00
1.623512300364005068e+00
1.644974352913230353e+00
1.665527348000212626e+00
1.685170734242908752e+00
1.703903984915888570e+00
1.721726597935977487e+00
1.738638095847200526e+00
1.754638025805199231e+00
1.769725959561289752e+00
1.783901493446324871e+00
1.797164248354522709e+00
1.809513869727414237e+00
1.820950027538063676e+00
1.831472416275702564e+00
1.841080754930916941e+00
1.849774786981514652e+00
1.857554280379198675e+00
1.864419027537151718e+00
1.870368845318644224e+00
1.875403575026754588e+00
1.879523082395285982e+00
1.882727257580955271e+00
1.885016015156914859e+00
1.886389294107659653e+00
1.886847057825362439e+00
1.886389294107659653e+00
1.885016015156914859e+00
1.882727257580955271e+00
1.879523082395285982e+00
1.875403575026754588e+00
1.870368845318644224e+00
1.864419027537151718e+00
1.857554280379198675e+00
1.849774786981514652e+00
1.841080754930916941e+00
1.831472416275702786e+00
1.820950027538063676e+00
1.809513869727414459e+00
1.797164248354522931e+00
1.783901493446325093e+00
1.769725959561289974e+00
1.754638025805199453e+00
1.738638095847200749e+00
1.721726597935977709e+00
1.703903984915888570e+00
1.685170734242908974e+00
1.665527348000212626e+00
1.644974352913230131e+00
1.623512300364005068e+00
1.601141766404682532e+00
1.577863351769960953e+00
1.553677681888324003e+00
1.528585406891892706e+00
1.502587201624725699e+00
1.475683765649396184e+00
1.447875823251690397e+00
1.419164123443266812e+00
1.389549439962124433e+00
1.359032571270734291e+00
1.327614340551698247e+00
1.295295595700803215e+00
1.262077209317352899e+00
1.227960078691659795e+00
1.192945125789613092e+00
1.157033297234215663e+00
1.120225564284026198e+00
1.082522922808443422e+00
1.043926393259778651e+00
1.004437020642084510e+00
9.640558744767252497e-01
9.227840487646735701e-01
8.806226619455563842e-01
8.375728568534709373e-01
7.936358006696192513e-01
7.488126848718201778e-01
7.031047251809785514e-01
6.565131615046067015e-01
6.090392578775120080e-01
5.606843023997741815e-01
5.114496071721718051e-01
4.613365082292046337e-01
4.103463654699031071e-01
3.584805625866142043e-01
3.057405069919762464e-01
2.521276297443019176e-01
1.976433854716186655e-01
1.422892522946020144e-01
8.606673174867567055e-02
2.897734870554607642e-02
