9.643246221454647438e-03
2.862161175012778447e-02
4.729228000152430750e-02
6.565567364299627895e-02
8.371220838221167526e-02
1.014622929769337101e-01
1.189063292446519288e-01
1.360447120720610914e-01
1.528778294243843539e-01
1.694060623545375066e-01
1.856297850121313986e-01
2.015493646523093541e-01
2.171651616444180977e-01
2.324775294805088433e-01
2.474868147836682408e-01
2.621933573161753794e-01
2.765974899874861226e-01
2.906995388620408627e-01
3.044998231668966659e-01
3.179986552991831972e-01
3.311963408333792325e-01
3.440931785284128686e-01
3.566894603345834303e-01
3.689854714003049097e-01
3.809814900786713809e-01
3.926777879338453903e-01
4.040746297472686543e-01
4.151722735236966222e-01
4.259709704970562894e-01
4.364709651361297627e-01
4.466724951500629648e-01
4.565757914937019213e-01
4.661810783727557417e-01
4.754885732487895700e-01
4.844984868440472825e-01
4.932110231461062644e-01
5.016263794123642095e-01
5.097447461743611630e-01
5.175663072419359745e-01
5.250912397072213800e-01
5.323197139484759921e-01
5.392518936337582502e-01
5.458879357244396102e-01
5.522279904785627469e-01
5.582722014540429933e-01
5.640207055117163470e-01
5.694736328182343765e-01
5.746311068488078044e-01
5.794932443898007657e-01
5.840601555411766288e-01
5.883319437187951584e-01
5.923087056565654596e-01
5.959905314084532613e-01
5.993775043503444255e-01
6.024697011817657932e-01
6.052671919274656975e-01
6.077700399388519248e-01
6.099783018952911195e-01
6.118920278052694117e-01
6.135112610074140438e-01
6.148360381713776635e-01
6.158663892985861699e-01
6.166023377228491142e-01
6.170439001108345423e-01
6.171910864624077231e-01
6.170439001108345423e-01
6.166023377228491142e-01
6.158663892985861699e-01
6.148360381713775524e-01
6.135112610074139328e-01
6.118920278052691897e-01
6.099783018952908975e-01
6.077700399388517027e-01
6.052671919274655865e-01
6.024697011817656822e-01
5.993775043503443145e-01
5.959905314084532613e-01
5.923087056565654596e-01
5.883319437187950474e-01
5.840601555411765178e-01
5.794932443898007657e-01
5.746311068488076934e-01
5.694736328182343765e-01
5.640207055117163470e-01
5.582722014540431044e-01
5.522279904785628579e-01
5.458879357244397212e-01
5.392518936337583613e-01
5.323197139484762141e-01
5.250912397072213800e-01
5.175663072419360855e-01
5.097447461743612740e-01
5.016263794123643205e-01
4.932110231461062644e-01
4.844984868440472825e-01
4.754885732487895145e-01
4.661810783727557417e-01
4.565757914937019213e-01
4.466724951500629093e-01
4.364709651361296516e-01
4.259709704970562338e-01
4.151722735236966777e-01
4.040746297472687099e-01
3.926777879338453348e-01
3.809814900786713254e-01
3.689854714003048541e-01
3.566894603345833747e-01
3.440931785284129796e-01
3.311963408333792880e-01
3.179986552991833082e-01
3.044998231668967770e-01
2.906995388620408072e-01
2.765974899874860671e-01
2.621933573161753794e-01
2.474868147836681853e-01
2.324775294805087600e-01
2.171651616444179311e-01
2.015493646523094096e-01
1.856297850121314263e-01
1.694060623545375066e-01
1.528778294243842983e-01
1.360447120720610081e-01
1.189063292446518594e-01
1.014622929769338489e-01
8.371220838221178628e-02
6.565567364299637609e-02
4.729228000152437689e-02
2.862161175012782263e-02
9.643246221454661316e-03
