3.157554289844218265e-01
9.416403838201408139e-01
1.561542492867808996e+00
2.175108366285392059e+00
2.781988767558426723e+00
3.381839265538809425e+00
3.974320941916827277e+00
4.559101155000702121e+00
5.135854357702061002e+00
5.704262964790816959e+00
6.264018261865269110e+00
6.814821346151168413e+00
7.356384087256063076e+00
7.888430094409426552e+00
8.410695675549877848e+00
8.922930772898874707e+00
9.424899859392633417e+00
9.916382780523235851e+00
1.039717552674546752e+01
1.086709092260442411e+01
1.132595922008646916e+01
1.177362858533989076e+01
1.220996546979136355e+01
1.263485485873693648e+01
1.304820039264503784e+01
1.344992435860953606e+01
1.383996755157040681e+01
1.421828900702083764e+01
1.458486560889191175e+01
1.493969157810618853e+01
1.528277784888521751e+01
1.561415134125825865e+01
1.593385413933382999e+01
1.624194258575525041e+01
1.653848630336653258e+01
1.682356715547416570e+01
1.709727815621774738e+01
1.735972234247724799e+01
1.761101161847001961e+01
1.785126558375234751e+01
1.808061035476510980e+01
1.829917738937910698e+01
1.850710232312929193e+01
1.870452382500509003e+01
1.889158247980968497e+01
1.906841970323702284e+01
1.923517669496027693e+01
1.939199343419647192e+01
1.953900772142264586e+01
1.967635426918067409e+01
1.980416384422889209e+01
1.992256246268556907e+01
2.003167063926570890e+01
2.013160269124036006e+01
2.022246609734768796e+01
2.030436091155527123e+01
2.037737923131172124e+01
2.044160471972922721e+01
2.049711218100263821e+01
2.054396718829057278e+01
2.058222576325453446e+01
2.061193410646748703e+01
2.063312837795801968e+01
2.064583452724414769e+01
2.065006817232614011e+01
2.064583452724414769e+01
2.063312837795801968e+01
2.061193410646748703e+01
2.058222576325453446e+01
2.054396718829057278e+01
2.049711218100263821e+01
2.044160471972922721e+01
2.037737923131172124e+01
2.030436091155527123e+01
2.022246609734768796e+01
2.013160269124036006e+01
2.003167063926570890e+01
1.992256246268556907e+01
1.980416384422888498e+01
1.967635426918067409e+01
1.953900772142264586e+01
1.939199343419646837e+01
1.923517669496027693e+01
1.906841970323702284e+01
1.889158247980968497e+01
1.870452382500509358e+01
1.850710232312929193e+01
1.829917738937910698e+01
1.808061035476510980e+01
1.785126558375234396e+01
1.761101161847001961e+01
1.735972234247725154e+01
1.709727815621775093e+01
1.682356715547416925e+01
1.653848630336653258e+01
1.624194258575525041e+01
1.593385413933382644e+01
1.561415134125825865e+01
1.528277784888521573e+01
1.493969157810618675e+01
1.458486560889190997e+01
1.421828900702084120e+01
1.383996755157041036e+01
1.344992435860953606e+01
1.304820039264503606e+01
1.263485485873693648e+01
1.220996546979136355e+01
1.177362858533989431e+01
1.132595922008647271e+01
1.086709092260442766e+01
1.039717552674547107e+01
9.916382780523234075e+00
9.424899859392631640e+00
8.922930772898872931e+00
8.410695675549876071e+00
7.888430094409425664e+00
7.356384087256060411e+00
6.814821346151171966e+00
6.264018261865271775e+00
5.704262964790819623e+00
5.135854357702061002e+00
4.559101155000701233e+00
3.974320941916825500e+00
3.381839265538815198e+00
2.781988767558432052e+00
2.175108366285396055e+00
1.561542492867811660e+00
9.416403838201423682e-01
3.157554289844223261e-01
